1.014291554736624912e+00 5.900914712006769820e-14 8.136083750530024973e-16
1.029010221216290821e+00 6.562595730797057410e-14 8.208673752669930738e-16
1.044059968524623461e+00 7.082022615567381593e-14 8.258539892718519703e-16
1.059438009312017481e+00 7.592875661072696950e-14 8.109064167531207447e-16
1.075139818331184882e+00 7.708727661449834915e-14 7.922199521263767315e-16
1.091159490885375671e+00 7.433378431717428517e-14 7.574257964211257533e-16
1.107491878363806581e+00 6.649347963233593306e-14 7.191762137214235872e-16
1.124131011494532206e+00 6.191053114639372437e-14 6.627976326567237597e-16
1.141067273007559724e+00 6.260644574265969531e-14 6.373946451093830008e-16
1.158291519091758426e+00 6.622068231991165808e-14 6.449457185160048634e-16
1.175793112586922984e+00 6.703451078095452621e-14 6.187053492494735919e-16
1.193560390842276719e+00 7.368073715163947026e-14 6.611356412541216273e-16
1.211580483646982120e+00 8.805755640083094553e-14 6.939012725719579811e-16
1.229839889245801565e+00 9.706470959750292346e-14 7.200108261295995995e-16
1.248324820601552698e+00 9.872845699248755087e-14 7.374559609715604934e-16
1.267020623152526060e+00 1.026055924311405580e-13 7.010322587056511882e-16
1.285911858426926679e+00 1.017729608779745728e-13 7.059851530343037199e-16
1.304984090541518871e+00 9.662678611324835285e-14 6.920803222191865584e-16
1.324229393357519768e+00 8.121094668236395916e-14 6.518992499864762020e-16
1.343625431856677377e+00 4.535468698157725712e-14 5.061501819068762101e-16
1.363154930416717869e+00 3.079762182137701761e-14 4.315415307138282798e-16
1.382802516155180683e+00 3.076123062744277859e-14 4.167256809350551798e-16
1.402553015418653182e+00 3.106851474834882378e-14 4.149928877813099064e-16
1.422391532572007566e+00 3.024323499196956999e-14 4.032002352076450338e-16
1.442303558565732668e+00 3.413740378386164829e-14 4.139170276844180502e-16
1.462275334089869760e+00 4.102330308311190804e-14 4.377332252773474473e-16
1.482293420420567776e+00 4.816465342972923452e-14 4.628269316203248643e-16
1.502345163057342337e+00 5.196966728198170217e-14 4.889758863655795226e-16
1.522418437136473957e+00 6.083396792065530668e-14 5.490928454986635265e-16
1.542500839365782861e+00 7.233332799835937114e-14 5.827176471479123073e-16
1.562578449068370734e+00 8.534604876822508850e-14 6.309448945586504273e-16
1.602690594103926003e+00 9.520159575178571507e-14 6.621505132840662361e-16
1.622707835595722070e+00 9.568880427720475774e-14 6.934427465034639490e-16
1.642688250008127682e+00 9.723171089310648914e-14 7.005318018844576898e-16
1.662624367165780104e+00 9.555815457158550438e-14 7.180567923655673164e-16
1.682509402781132035e+00 9.274222822236548207e-14 7.249547782701163908e-16
1.702337057487804062e+00 8.852674536111668143e-14 6.736179563909790694e-16
1.722101651807723233e+00 7.892086408730075182e-14 6.315161529959244656e-16
1.741798043983592281e+00 6.725182252541028324e-14 6.056682370222743757e-16
1.761421683188670428e+00 5.700694144304556782e-14 5.260947641929606485e-16
1.780971203173396633e+00 4.834646102604455529e-14 4.995319314883022587e-16
1.800445193889858020e+00 4.094395470589896753e-14 4.944094383986714121e-16
1.819835767978626562e+00 3.775016719457506503e-14 4.578191743011288591e-16
1.839139117088853137e+00 3.687706326625097004e-14 4.357395371291006676e-16
1.858352838718954514e+00 3.404821068017290352e-14 4.137079140969552772e-16
1.877474363474342045e+00 3.504701258244944253e-14 4.670793291797418502e-16
1.896501715448929870e+00 3.916746248083835836e-14 4.406015683560159087e-16
1.915433580372411626e+00 4.013103340156780604e-14 4.351411523287046192e-16
1.934268037286078989e+00 3.785512900756736167e-14 4.163572606347219467e-16
1.953004419028085081e+00 3.621585125346017423e-14 3.926277082023347961e-16
1.971641216297720600e+00 3.794576443388587115e-14 4.651985032031485246e-16
1.990178296275619374e+00 4.086340297277477090e-14 4.224406471617396970e-16
2.008614721045312468e+00 4.336749060592286832e-14 4.283147500398971676e-16
2.026957567753233214e+00 4.878196238658348438e-14 4.360117354667805763e-16
2.045200907957668512e+00 5.222884669309732633e-14 4.492758984694169912e-16
2.063342469008279778e+00 5.303275365697226536e-14 4.497583332126785763e-16
2.081382421996718968e+00 5.741668502661818039e-14 4.749372459039867584e-16
2.099321099888646014e+00 5.950994694476897690e-14 4.645569252911654647e-16
2.117158550367777003e+00 6.171384960750279694e-14 4.702122959610963416e-16
2.134895102924583732e+00 6.149714840349567509e-14 4.596011534922539017e-16
2.152531110988286756e+00 6.088437045213178818e-14 4.783077364896171797e-16
2.170067026636942842e+00 5.974964530007422409e-14 4.720567896942761763e-16
2.187503494517959890e+00 5.606119471523509324e-14 4.578448887058638911e-16
2.204841014393109866e+00 5.507889369977263534e-14 4.573185313173745118e-16
2.222080702631068494e+00 5.328891261442256042e-14 4.316101218239544913e-16
2.239221414822655909e+00 5.206478144938139744e-14 4.365742977887309084e-16
2.256256384996115028e+00 4.947170451230022412e-14 4.122284763082104636e-16
2.273189376689807695e+00 4.752869805297548843e-14 3.999234000960787493e-16
2.290026504471490476e+00 4.403854837991052460e-14 3.877274853306616000e-16
2.306769414346601543e+00 3.939960386979247120e-14 3.736958074100362352e-16
2.323419065925700799e+00 3.770202171731189190e-14 3.653571118533422794e-16
2.339976322631561523e+00 3.660218240987432485e-14 3.646816681941243677e-16
2.356441904835812728e+00 3.649425228745114043e-14 3.619338731428666533e-16
2.372816882864115406e+00 3.619044519295822079e-14 3.513228810922977133e-16
2.389101940456511475e+00 3.544318846417602320e-14 3.531831335702808505e-16
2.405298417872936412e+00 3.527182437745435898e-14 3.483540242146558816e-16
2.421406706814896559e+00 3.479789798620087315e-14 3.370778813551456268e-16
2.437428036827222311e+00 3.325238172836600623e-14 3.325489838445433875e-16
2.453363213417193212e+00 3.151228979651785513e-14 3.354827975874389890e-16
2.469213449961615403e+00 2.905998272476797119e-14 3.228060849490697874e-16
2.484983272117953224e+00 2.736801090635810155e-14 3.115160744028551699e-16
2.500677759119185772e+00 2.525710209711000074e-14 3.023630932516959245e-16
2.516290928396571758e+00 2.298398983861357203e-14 2.921574711113609107e-16
2.531822246017807476e+00 2.143294213079527470e-14 2.823444868166671374e-16
2.547272920243809580e+00 2.047117321361042577e-14 2.911725007591428876e-16
2.562643645046402963e+00 1.998465568177769962e-14 2.742888505468328831e-16
2.577935374099904919e+00 2.038328597763022306e-14 2.788987546701751190e-16
2.593149161561952631e+00 2.021487066758940371e-14 2.790586335113433880e-16
2.608285669888677383e+00 2.094239115884920230e-14 2.711889520914868184e-16
2.623345995805544284e+00 2.227860633203927881e-14 2.847449864244772551e-16
2.638330833284376453e+00 2.290859140479687849e-14 2.871260575669308674e-16
2.653241135999491185e+00 2.314267916648393823e-14 2.870780352364968820e-16
2.668077688174253836e+00 2.049343926378818787e-14 2.712259909126523148e-16
2.682841374515352761e+00 1.788436293785384597e-14 2.543239382481611946e-16
2.697533191264929187e+00 1.782247913824161189e-14 2.620416481861905729e-16
2.712153067814653706e+00 1.810297477651059125e-14 2.679328470210248366e-16
2.726690805785582317e+00 1.879263709735038005e-14 2.630347466423563794e-16
2.741154227768160645e+00 1.931328355169866906e-14 2.686626154780490516e-16
2.755548763769751552e+00 1.967947762213006691e-14 2.597795658332989510e-16
2.769875366644319659e+00 1.887582892028410420e-14 2.584159764145104841e-16
2.784135207200849393e+00 1.906087943036109074e-14 2.753885855418480281e-16
2.798328783560410482e+00 1.936517267398038090e-14 2.755301196186022104e-16
2.812456816094631940e+00 1.881242148776960805e-14 2.753061043883222751e-16
2.826520205678223263e+00 1.983314709826020254e-14 2.679747036305231061e-16
2.840519518579532665e+00 1.999498852940722604e-14 2.706881129891480065e-16
2.854455603694014965e+00 1.993958885100563797e-14 2.698215700780331619e-16
2.868329080089625283e+00 2.058683510963971219e-14 2.712006348258662848e-16
2.882140605106603637e+00 2.121689480234400930e-14 2.833912386040970002e-16
2.895891057515397993e+00 2.154202498221036659e-14 2.771655620049343996e-16
2.909580983941144172e+00 2.177505268897123605e-14 2.758637869814736592e-16
2.923211035787842249e+00 2.256201293246289892e-14 2.864400760210533982e-16
2.936781975994945171e+00 2.340162505108607460e-14 2.881007716134326038e-16
2.950294853604200629e+00 2.260086887694074473e-14 2.849688229767943735e-16
2.963757267314797605e+00 2.356854312246322883e-14 2.890789711518657956e-16
2.977163307000812775e+00 2.455941582963329109e-14 2.956352276125567242e-16
2.990512708664214703e+00 2.513797470760711120e-14 2.934342730865805384e-16
3.003805944846621223e+00 2.508600267834958041e-14 2.917516310276299813e-16
3.017043523900884150e+00 2.549838885025763248e-14 2.965518320852554642e-16
3.030226260745712885e+00 2.615922054897175353e-14 3.001059456412121760e-16
3.043354638974856918e+00 2.645522388687668044e-14 3.018054726578983437e-16
3.056429012837889481e+00 2.650313583795043616e-14 2.907120097102785338e-16
3.069450420324426609e+00 2.697846793422383456e-14 3.062038488998882786e-16
3.082419016358097341e+00 2.689864299855307354e-14 3.034817706071567845e-16
3.095335662720977155e+00 2.600963168693517072e-14 2.955379246576584718e-16
3.108200515157045096e+00 2.610788901883176335e-14 2.935895989742871845e-16
3.121014403932682590e+00 2.533909029331598359e-14 2.931492995145544922e-16
3.133777885904807547e+00 2.399921036147273277e-14 2.963363596671445428e-16
3.146491194376108247e+00 2.359552880423425712e-14 2.824226402519010166e-16
3.159155160433316123e+00 2.309306724787565208e-14 2.768646213338222718e-16
3.171770156134726903e+00 2.226925427948427857e-14 2.810763906272731844e-16
3.184336651560907505e+00 2.201419164005285543e-14 2.754746367542727969e-16
3.196855909413082841e+00 2.162528388047577337e-14 2.709381560347769601e-16
3.209327699863753658e+00 2.131281973112469628e-14 2.687088582486512751e-16
3.221752543958604775e+00 2.193493234232906727e-14 2.659300886776525290e-16
3.234130795126858082e+00 2.272024095038974699e-14 2.716090356247453615e-16
3.246462746227400942e+00 2.383253289739739269e-14 2.805840176037837063e-16
3.258749291378350676e+00 2.488640445602821062e-14 2.807711085202866846e-16
3.270990309632824111e+00 2.506882449507414834e-14 2.782505022198410721e-16
3.283186860264349693e+00 2.578861839683104718e-14 2.858321866027746554e-16
3.295338858137276894e+00 2.551408337338302212e-14 2.854147072859915794e-16
3.307446913728480986e+00 2.395228381522553975e-14 2.750272565286996325e-16
3.319511555034024841e+00 1.793083437804327502e-14 2.580166889990447234e-16
3.331533038281212278e+00 1.474021883649708262e-14 2.332000898463639216e-16
3.343511997885668219e+00 1.620272129833327465e-14 2.410002450826847779e-16
3.355448375931897154e+00 1.898466312314952535e-14 2.549570137866127116e-16
3.367343057946936113e+00 2.157353267291947604e-14 2.706715643531212708e-16
3.379196227909059047e+00 2.330195077803153150e-14 2.673077370242844934e-16
3.391008157393237354e+00 2.321050270622381345e-14 2.705899318786575905e-16
3.402779550603078462e+00 2.385527871236495294e-14 2.757603996224455947e-16
3.414510273898864856e+00 2.343273338311818831e-14 2.768247515005729025e-16
3.426197335078981610e+00 2.349606988738481253e-14 2.722128054046318318e-16
3.437841232264500668e+00 2.369473600210281964e-14 2.792972868181566730e-16
3.449445430198653018e+00 2.409376612828865476e-14 2.862501387139168531e-16
3.461010719041047512e+00 2.393606209840141982e-14 2.776812022913333121e-16
3.472537601208293356e+00 2.429488355326977739e-14 2.809701295887492425e-16
3.484026394318379349e+00 2.426317412102575449e-14 2.764680365994411161e-16
3.495477289926520736e+00 2.428732636294670632e-14 2.774475048544731171e-16
3.506890717186158302e+00 2.479161511322388087e-14 2.877028049747836754e-16
3.518267109546275861e+00 2.498214244201821273e-14 2.790642644230707815e-16
3.529606525742718937e+00 2.562558712167127092e-14 2.811006398169203775e-16
3.540909464716910371e+00 2.613539138227921421e-14 2.841978247350155185e-16
3.552176328402139038e+00 2.654820782867337294e-14 2.875794641487149326e-16
3.563407375680545552e+00 2.700599877639220860e-14 2.923917845573257020e-16
3.574602681455998798e+00 2.720094422811969858e-14 2.898204493506527073e-16
3.585762680818183501e+00 2.774426751971640011e-14 2.924398249352887115e-16
3.596887892351731786e+00 2.826461473296386236e-14 2.974854744785404635e-16
3.607978495739375457e+00 2.882881841761934718e-14 2.987435296925981659e-16
3.619034581232655423e+00 2.924782191342332588e-14 3.034252542829328313e-16
3.630056509837737089e+00 2.985860529487548413e-14 3.051581456611537923e-16
3.641044673256126796e+00 3.022066507794687566e-14 3.055976781753106888e-16
3.651999681144351140e+00 3.108412251797538006e-14 3.106207140060906040e-16
3.662925665817661436e+00 3.103892671882882265e-14 3.186398650440525187e-16
3.673820798306485891e+00 3.138092438686576128e-14 3.106370858665487527e-16
3.684683341533492751e+00 3.254818290765589485e-14 3.220340105722508399e-16
3.695513354234528869e+00 3.247707845861374090e-14 3.164259934207675482e-16
3.706311201711299130e+00 3.268441636073254824e-14 3.160590936395954826e-16
3.717077027014950463e+00 3.299591255623509714e-14 3.111679541991784440e-16
3.727811221846991430e+00 3.304036186442401872e-14 3.193526415735527008e-16
3.738513919026787313e+00 3.320900642791887318e-14 3.247588888374134585e-16
3.749185266721377197e+00 3.363581188561615226e-14 3.273811885441134073e-16
3.759825657452617431e+00 3.369388800846790441e-14 3.287301533660095210e-16
3.770435308355176485e+00 3.411238065618757075e-14 3.377054391928131673e-16
3.781014468079413771e+00 3.437896777998721474e-14 3.382738969000412661e-16
3.791563444011536888e+00 3.404776854413316900e-14 3.255108568804522433e-16
3.802082374086801941e+00 3.387315720090137582e-14 3.195127358891545506e-16
3.812571528239482976e+00 3.415683832612287111e-14 3.268515358916186129e-16
3.823031075920530153e+00 3.455468907970847802e-14 3.308636014407561403e-16
3.833461245316741817e+00 3.393506442349493824e-14 3.303346854370070309e-16
3.843862348930215056e+00 3.385229292868274542e-14 3.302778602828819760e-16
3.854234460844469190e+00 3.458325444943797331e-14 3.312002535321536860e-16
3.864577931013537970e+00 3.493601997351837886e-14 3.286244715965213885e-16
3.874892981687978910e+00 3.438860708536041460e-14 3.270615063911086861e-16
3.885179915138106566e+00 3.453778186173451164e-14 3.476717125291672194e-16
3.895441084034019674e+00 3.419189716203858364e-14 3.309651418881724181e-16
3.905676895424897932e+00 3.467785000217767818e-14 3.345872855887594591e-16
3.915885246111354689e+00 3.427286346520911431e-14 3.354302117563594326e-16
3.926066157377301469e+00 3.411223476032773785e-14 3.363690324783388731e-16
3.936219814841711351e+00 3.370210571918139950e-14 3.312609739319559496e-16
3.946346361555733040e+00 3.358462660495369999e-14 3.349909623649227758e-16
3.956446083621659504e+00 3.339138857410312224e-14 3.350589756983275325e-16
3.966519102806727481e+00 3.353046303238741219e-14 3.402268811165412299e-16
3.976565514478367813e+00 3.369595608400473136e-14 3.458308037870720687e-16
3.986585747790022172e+00 3.297097231520380042e-14 3.423635714942010673e-16
3.996579797625800179e+00 3.318884257631622651e-14 3.397829112027009746e-16
4.006548008003495198e+00 3.264096492834334959e-14 3.310975448495746229e-16
4.016490384859347174e+00 3.224832705996951496e-14 3.313572229011373791e-16
4.026407118107867333e+00 3.196185049061729627e-14 3.333627664298989921e-16
4.036298578987004504e+00 3.122874625931984881e-14 3.313899827056980942e-16
4.046164852632406550e+00 3.192386509326411187e-14 3.308918130687649239e-16
4.056005906708030295e+00 3.147368698226452246e-14 3.224992147689443741e-16
4.065822250387078896e+00 3.108143436010842644e-14 3.270230419274032228e-16
4.075613808765680801e+00 3.051302182614502079e-14 3.262740916486181479e-16
4.085380942850002306e+00 2.980607227899272715e-14 3.247662445551719215e-16
4.095123715671429743e+00 3.025188943637476555e-14 3.262989632949990186e-16
4.104842212365614529e+00 2.935025775518250237e-14 3.165460882449404341e-16
4.114536538531768706e+00 2.870005077580573432e-14 3.173500920890221078e-16
4.124207171007051365e+00 2.821809299410590704e-14 3.112598053519340609e-16
4.133850814499179016e+00 2.796931318911882848e-14 3.047247292199961152e-16
4.143470266999713658e+00 2.769985034720711822e-14 3.070422646487779659e-16
4.153066301679890771e+00 2.726994760422954415e-14 3.041122341135071717e-16
4.162639214873784965e+00 2.620473612867493673e-14 3.016553365662817562e-16
4.172188858414360269e+00 2.551537345587588693e-14 2.914914230467473841e-16
4.181715804506204393e+00 2.464861501848113459e-14 2.923805592427398054e-16
4.191219809614848302e+00 2.380016554018572189e-14 2.908797863838365579e-16
4.200701212642192317e+00 2.282423685908660800e-14 2.844087579241699640e-16
4.210160257122709027e+00 2.154394898002623548e-14 2.885230768137655012e-16
4.219596837457182836e+00 2.035139979762340207e-14 2.757929814634572278e-16
4.229011525850204123e+00 1.948478588672387090e-14 2.650758227251064616e-16
4.238403940832047745e+00 1.897250263979092747e-14 2.651612564419441802e-16
4.247774325937180961e+00 1.825922128394340274e-14 2.580135698599276625e-16
4.257123115434939820e+00 1.816643696426814531e-14 2.579453283127299960e-16
4.266450161158283017e+00 1.805242468285294222e-14 2.525530289397370012e-16
4.275755802009114426e+00 1.788730107052096215e-14 2.577977147775781389e-16
4.285039974956045938e+00 1.806413203576298229e-14 2.616221272863379712e-16
4.294303124500190805e+00 1.774451029604933176e-14 2.592375738628291886e-16
4.303545092242730519e+00 1.763351572322631903e-14 2.528104210206697858e-16
4.312766079150309295e+00 1.717218263026756981e-14 2.672091033187430265e-16
4.331145544729916530e+00 1.695795733376780285e-14 2.180313859754579030e-16
4.340304500239103191e+00 1.651709646159234805e-14 2.487366866676150056e-16
4.349442898950881542e+00 1.609383193079041052e-14 2.535812322217923217e-16
4.358560708529205741e+00 1.590136891481473845e-14 2.478415546664299357e-16
4.367654538314362789e+00 1.559049225570055919e-14 2.481570783914668175e-16
4.376727038130876046e+00 1.507909927814978528e-14 2.467939903102237756e-16
4.385779701521610008e+00 1.492816987844816286e-14 2.467687299163491367e-16
4.394812475686954656e+00 1.441154442765744902e-14 2.509388707771884731e-16
4.403825413426519120e+00 1.402010525389207071e-14 2.434012528086393070e-16
4.412818695243383438e+00 1.403847545097594018e-14 2.455929379150511551e-16
4.421792585135581710e+00 1.335506737452255611e-14 2.370993102749530047e-16
4.430747253374414107e+00 1.153033368564268170e-14 2.247779489193771144e-16
4.439682604592446680e+00 1.199243764433289673e-14 2.592409995017198701e-16
4.448598882324152903e+00 1.205438370403433503e-14 2.291854776549495465e-16
4.457496129137355823e+00 1.158865393613973949e-14 2.295792735670481261e-16
4.466374312696011373e+00 1.122329141337018017e-14 2.262899715716469213e-16
4.475233846805890536e+00 1.098634326722960526e-14 2.431567804891562577e-16
4.484074731466994201e+00 1.049920596431240636e-14 2.199016948739453021e-16
4.492897019478927945e+00 1.023518909978571297e-14 2.153557876858077375e-16
4.501700615474259592e+00 1.014327006543484580e-14 2.192920835137489327e-16
4.510485953722322527e+00 9.700044635378771263e-15 2.164615045189707847e-16
4.519253023991335994e+00 9.413722876290439702e-15 2.099878044712339921e-16
4.528002017016162561e+00 9.377606706457935991e-15 2.143410469266568129e-16
4.536732847661153478e+00 9.169610499108184293e-15 2.073528989686189234e-16
4.545445653861563073e+00 9.099919990633858184e-15 2.119280649921876666e-16
4.554140721719687868e+00 8.811282849165369534e-15 2.132766897452875284e-16
4.562817988204139752e+00 8.784849798053035267e-15 2.058882219270235312e-16
4.571477484010262771e+00 8.733872538565273032e-15 2.098336946317464915e-16
4.580119474776788380e+00 8.768272446857620252e-15 2.086410710159667899e-16
4.588744161470363458e+00 8.926576456311659378e-15 2.170943171393093305e-16
4.597352085600230787e+00 9.062434626766844089e-15 2.109736088209478282e-16
4.605944475070523403e+00 9.320560625091201019e-15 2.144137484916418489e-16
4.614519856801938325e+00 9.295413146907393426e-15 2.127712819736986478e-16
4.623078348266172810e+00 9.287794288170223142e-15 2.132849343177828690e-16
4.631619578225280698e+00 9.512166177839231099e-15 2.141011594914800768e-16
4.640144023516419303e+00 9.726514785943621493e-15 2.212309400059166550e-16
4.648651493404726054e+00 9.867374629198420286e-15 2.195676038975186890e-16
4.657142316560320516e+00 1.061232954292337209e-14 2.203970478988537988e-16
4.665616503214984334e+00 1.113108832720002055e-14 2.269522543225125562e-16
4.674074095936543216e+00 1.118012693401730281e-14 2.278159250906675962e-16
4.682515041925388921e+00 1.085160053163579594e-14 2.245666256709318056e-16
4.690939775450857496e+00 1.072657847022142017e-14 2.260784318069103129e-16
4.699348158577689283e+00 1.042018005897288144e-14 2.442062733102806569e-16
4.707740181074104413e+00 1.032241464713485047e-14 2.239310299618808448e-16
4.716116086474571922e+00 9.972032277603793223e-15 2.239582079219286369e-16
4.724476065513956158e+00 9.732058010142727203e-15 2.217070458527429324e-16
4.732819927457392772e+00 9.507000075730589377e-15 2.167963959520512549e-16
4.741147905607570934e+00 9.425048200321325837e-15 2.196067847287231296e-16
4.749460062995876086e+00 9.398509076140595759e-15 2.167055753034853985e-16
4.757756803196302009e+00 9.286733567251216034e-15 2.183894650939389198e-16
4.766037436532561067e+00 9.244315542330835797e-15 2.113466084649261960e-16
4.774302662912718986e+00 9.192496299672769509e-15 2.568677341514851713e-16
4.782552439768950947e+00 9.062014266097115331e-15 2.103738482866543648e-16
4.790786671733826552e+00 9.022485219446067866e-15 2.114109183915749094e-16
4.799005644909638768e+00 9.247939483847688240e-15 2.176104364226071495e-16
4.807209306496782020e+00 9.499157343787981487e-15 2.148835689854635924e-16
4.815397814894077477e+00 9.569786704511946200e-15 2.183826851223738923e-16
4.823571245005390473e+00 9.521648096045506509e-15 2.161027076853585056e-16
4.831729511695074031e+00 9.648406489220512310e-15 2.190332764941431151e-16
4.839872572395299777e+00 9.659271355683956036e-15 2.266088834549882595e-16
4.848000702976584364e+00 9.542314279650838585e-15 2.293559317651688056e-16
4.856114051605964654e+00 9.526772955872317112e-15 2.174680307806022675e-16
4.864212575715614051e+00 9.527591523778767973e-15 2.214423194353896261e-16
4.872296498376443630e+00 9.511813095307019608e-15 2.197738850146727736e-16
4.880365691884973600e+00 9.318251540453225067e-15 2.251280472217766260e-16
4.888420580278758365e+00 8.579984285312965041e-15 2.148081116034785666e-16
4.896460972822932689e+00 9.683982160576889679e-15 2.195180314937198831e-16
4.904486763918285419e+00 9.723093455544037292e-15 2.243745904741200939e-16
4.912498355498104985e+00 9.696516804450484836e-15 2.422731401475332763e-16
4.920495779898435451e+00 9.740676045055233150e-15 2.216608728318515738e-16
4.928478951983626288e+00 9.750689784049585829e-15 2.226439208712732426e-16
4.936447861521896741e+00 9.665814339719059004e-15 2.274634920368811255e-16
4.944402847415146240e+00 9.920338204613082776e-15 2.214603300988059803e-16
4.952344005030808738e+00 9.870831294251469673e-15 2.233126286869360867e-16
4.960270952899156427e+00 9.958705226348653696e-15 2.318761977860422731e-16
4.968184305792605393e+00 1.019225949790476233e-14 2.283579531924834028e-16
4.976083692473208586e+00 1.050362782909576606e-14 2.287211085146420124e-16
4.983969441611088236e+00 1.070981521255197709e-14 2.266530064205175563e-16
4.983969441611088236e+00 1.070981521255197709e-14 2.266530064205175563e-16
4.991841405039204815e+00 1.076180913551977078e-14 2.258396417058071867e-16
4.996239185333251953e+00 1.141663058659370432e-14 2.597493085186850350e-16
4.999699879091634713e+00 1.140431572201467175e-14 2.619782852185918602e-16
5.007544853536596285e+00 1.131293413383519545e-14 2.651156945204321709e-16
5.015376285806265599e+00 1.117608284485501076e-14 2.571331042889741586e-16
5.023194271268073940e+00 1.105250267213796604e-14 2.605904948667260125e-16
5.030998958089059059e+00 1.122181408729587797e-14 2.590917606686016380e-16
5.038790431404870596e+00 1.132199999529667143e-14 2.598352801248823607e-16
5.046568595848078154e+00 1.136323674693971926e-14 2.620327747342625733e-16
5.054333557017892886e+00 1.153852394550510652e-14 2.626837348213712524e-16
5.062085590784831446e+00 1.149947743267695148e-14 2.615813295553450018e-16
5.069824845315929807e+00 1.085017135844653084e-14 2.554464282402453717e-16
5.076768875122070312e+00 1.143626384802640124e-14 2.645382073881803300e-16
5.077551373410794433e+00 1.150275714213212270e-14 2.655894150953989701e-16
5.085265260205075855e+00 1.135610342659508962e-14 2.670689573244997570e-16
5.092966039093397512e+00 1.148457587934506411e-14 2.660581057182387976e-16
5.100654176681136853e+00 1.162020486507885343e-14 2.803115490185299584e-16
5.108329439665602933e+00 1.143366172174795502e-14 2.697033173484468223e-16
5.115992071581269229e+00 1.121091337758916530e-14 2.676158633779701928e-16
5.123642062196351432e+00 1.075833009661760643e-14 2.638815617603733585e-16
5.131279316143419145e+00 1.132892014224102867e-14 2.702476641807295223e-16
5.138904087188723047e+00 1.115597091621220188e-14 2.694427358596690568e-16
5.146516354868701626e+00 1.093850341794393811e-14 2.691224298867408526e-16
5.152564048767089844e+00 1.105697522648906344e-14 2.757839715774074412e-16
5.154116425749210251e+00 1.108459506120067904e-14 2.772324926238691731e-16
5.161703897896961379e+00 1.127806481598712139e-14 2.703028778700779702e-16
5.169278972278600115e+00 1.127243406215815866e-14 2.706780232831475343e-16
5.176841987796026778e+00 1.125005746329040362e-14 2.672583615483324302e-16
5.184392605547339272e+00 1.140385005164191783e-14 2.726766626459194817e-16
5.191931154202658050e+00 1.143800064337433829e-14 2.711408816804878973e-16
5.199457591194160955e+00 1.119019930384033858e-14 2.684182166832433527e-16
5.206971916521842658e+00 1.092137649294734588e-14 2.654239799095695761e-16
5.214474225553139775e+00 1.087407726454517661e-14 2.617165510234822105e-16
5.221964571087656104e+00 1.085476587414326257e-14 2.612654735970179104e-16
5.224570274353027344e+00 1.082423789945913540e-14 2.731674725105519228e-16
5.224570274353027344e+00 1.082423789945913540e-14 2.731674725105519228e-16
5.293735504150390625e+00 1.031508884284248944e-14 2.625920972486720318e-16
5.360861301422119141e+00 9.930123778013794805e-15 2.575874913050457465e-16
5.426183700561523438e+00 9.470040697741597156e-15 2.467679958119255026e-16
5.489795684814453125e+00 9.140857952877406014e-15 2.378121146460020477e-16
5.551789283752441406e+00 8.795892958420502159e-15 2.305468576577260257e-16
5.612256526947021484e+00 8.515602286485485186e-15 2.217116812254775197e-16
5.671291351318359375e+00 8.128022256266081793e-15 2.173783817894010381e-16
5.728985786437988281e+00 7.991283590981374622e-15 2.131722088474007718e-16
5.785431861877441406e+00 7.851963407988478127e-15 2.075109411912955812e-16
5.840723037719726562e+00 7.718084525248042472e-15 2.035668100563628347e-16
5.894951820373535156e+00 7.634926531073017508e-15 2.000865273969237336e-16
5.948209762573242188e+00 7.690868695560356805e-15 1.990477182511959198e-16
6.000591278076171875e+00 7.619894028279999352e-15 2.041221835159393517e-16
6.052174568176269531e+00 7.793303125212418226e-15 1.981794802184181239e-16
6.102993011474609375e+00 7.813602663474583723e-15 1.988373369120399569e-16
6.153066158294677734e+00 7.794702261185380079e-15 1.949485799281163090e-16
6.202412605285644531e+00 7.790499624642633335e-15 1.946780827238778031e-16
6.251052856445312500e+00 7.655320450879430653e-15 1.880938039695446945e-16
6.299006462097167969e+00 7.342895724834322094e-15 1.743255206169407333e-16
6.346292495727539062e+00 6.777052462320779379e-15 1.601205114777615311e-16
6.392930984497070312e+00 6.097745899185190385e-15 1.455070496119277519e-16
6.438941955566406250e+00 5.520708554865279905e-15 1.352368415693870824e-16
6.484344005584716797e+00 5.019637028810748202e-15 1.191223349335700721e-16
6.529157638549804688e+00 4.659700178122796942e-15 1.119681115122824637e-16
6.573401451110839844e+00 4.471605956090744602e-15 1.055350659612406319e-16
6.617096424102783203e+00 4.394340251289922755e-15 9.804790834080735175e-17
6.660261154174804688e+00 4.502338829240492533e-15 9.681550624542911456e-17
6.702915668487548828e+00 4.497143693015837003e-15 9.469324403269590963e-17
6.745079994201660156e+00 4.529779980892219059e-15 9.461077801889051043e-17
6.786772251129150391e+00 4.421388320333805853e-15 9.530340635091185713e-17
6.828013420104980469e+00 4.388238020378519967e-15 9.042543945026229020e-17
6.868823051452636719e+00 4.474721822905799845e-15 8.958231758942742436e-17
6.909219741821289062e+00 4.558680411292536838e-15 9.133800952991985440e-17
6.949224472045898438e+00 4.546640702812981679e-15 9.204186038712376219e-17
6.988856315612792969e+00 4.490476085637423538e-15 9.097578598390157070e-17
7.028134346008300781e+00 4.342557531268156773e-15 8.295189000641892602e-17
7.067078590393066406e+00 4.220620329455351773e-15 8.070842726585518336e-17
7.105706214904785156e+00 4.196007468665270010e-15 7.945426387672829635e-17
7.144023418426513672e+00 4.137182283959940826e-15 7.447673840601841002e-17
7.182034492492675781e+00 4.045538740488504573e-15 7.051730793813283074e-17
7.219743251800537109e+00 3.943635468362481300e-15 6.932295186148428227e-17
7.257153511047363281e+00 3.830973785672210581e-15 6.753524679015014748e-17
7.294269084930419922e+00 3.787155850843794565e-15 6.409416616520995016e-17
7.331093788146972656e+00 3.765012095415171612e-15 6.332626999703527991e-17
7.367632865905761719e+00 3.710032041762800102e-15 6.132188149159371572e-17
7.403888702392578125e+00 3.662973379687299306e-15 6.352957821576020574e-17
7.439865112304687500e+00 3.607666492233618188e-15 6.228511320248168611e-17
7.475567817687988281e+00 3.595971797415053887e-15 6.119182425674783361e-17
7.510998725891113281e+00 3.626663029649520039e-15 5.991239376501592708e-17
7.546163082122802734e+00 3.691893541291106040e-15 6.182679752657319434e-17
7.581064224243164062e+00 3.583458151393558675e-15 5.621877978082440435e-17
7.615706443786621094e+00 3.528676206702917067e-15 5.926226454407550971e-17
7.650093555450439453e+00 3.445679924590079106e-15 5.550661016948764206e-17
7.684228897094726562e+00 3.339316097145891294e-15 5.312380733414376288e-17
7.718117713928222656e+00 3.169937228081881256e-15 4.968750165469422922e-17
7.751762390136718750e+00 3.100116356930965283e-15 4.871945753436140536e-17
7.785167694091796875e+00 3.113520734185156009e-15 4.753584487574172455e-17
7.818338394165039062e+00 3.157881668635831164e-15 5.230692521515561683e-17
7.851276397705078125e+00 3.183749418018447493e-15 4.961343406744722235e-17
7.883987426757812500e+00 3.121907519906176761e-15 4.747989044191035558e-17
7.916474342346191406e+00 3.088961611158778405e-15 4.715580804769888660e-17
7.948741912841796875e+00 3.135719823302680203e-15 4.762797153937368443e-17
7.980792999267578125e+00 3.245897693216266542e-15 5.126565772072262627e-17
8.012632369995117188e+00 3.294221281788059224e-15 5.299312309223964591e-17
8.044263839721679688e+00 3.217645749151726538e-15 4.855820810928724921e-17
8.075691223144531250e+00 3.139897632000769015e-15 4.801045949896114045e-17
8.106919288635253906e+00 3.137234047051401191e-15 4.701159900874569333e-17
8.137950897216796875e+00 3.115959137945814100e-15 4.960615634652644605e-17
8.168788909912109375e+00 3.077085403117800867e-15 4.572526594529032925e-17
8.199440002441406250e+00 3.041933645926579694e-15 4.428078858362773272e-17
8.229906082153320312e+00 3.047611195303208961e-15 4.573836925455579498e-17
8.260191917419433594e+00 3.048645560429365906e-15 4.597417292863498563e-17
8.290301322937011719e+00 3.044861980176205472e-15 4.320480071786306924e-17
8.320238113403320312e+00 3.039074929843013325e-15 4.462144213930295661e-17
8.350006103515625000e+00 3.001197605374582292e-15 4.519519716704784599e-17
8.379609107971191406e+00 2.914724127539599442e-15 4.326695900934671615e-17
8.409051895141601562e+00 2.922395643570368595e-15 4.366619696734261249e-17
8.438337326049804688e+00 2.953368959476385188e-15 4.244211591292174454e-17
8.467470169067382812e+00 2.967358705817802239e-15 4.382244093981959069e-17
8.496454238891601562e+00 2.901687781517807458e-15 4.305320330766076807e-17
8.525292396545410156e+00 2.880858115460233661e-15 4.157753286922126491e-17
8.553989410400390625e+00 2.825292949750329532e-15 4.123068934182206887e-17
8.582550048828125000e+00 2.829844856141919707e-15 3.899918427270206875e-17
8.610977172851562500e+00 2.783293126973018966e-15 3.792961258418677017e-17
8.639274597167968750e+00 2.752175306692659773e-15 3.533804734067602957e-17
8.667446136474609375e+00 2.719459401859151811e-15 3.634653228740229134e-17
8.695493698120117188e+00 2.714220646236544633e-15 3.808560650873725783e-17
8.723417282104492188e+00 2.712412838307710848e-15 4.034731419816785630e-17
8.751217842102050781e+00 2.718768653185346623e-15 3.839057865775415606e-17
8.778896331787109375e+00 2.754908961206401256e-15 3.971642454051869444e-17
8.806451797485351562e+00 2.691587018387884411e-15 3.647587173638628657e-17
8.833887100219726562e+00 2.643419414177680718e-15 3.744228856764736189e-17
8.861203193664550781e+00 2.653296267990982516e-15 3.737612573282662170e-17
8.888399124145507812e+00 2.656889225333048209e-15 3.695876099223850531e-17
8.915477752685546875e+00 2.672091438378373481e-15 3.873737603715928775e-17
8.942438125610351562e+00 2.639640811718088058e-15 3.656346834950221541e-17
8.969280242919921875e+00 2.586769403009278477e-15 3.515972877736819832e-17
8.996007919311523438e+00 2.582350055300690736e-15 3.744640291753140381e-17
9.022619247436523438e+00 2.604970293516261254e-15 3.985621241731562422e-17
9.049116134643554688e+00 2.571831678987891770e-15 3.848016880507377465e-17
9.075499534606933594e+00 2.558823898724708648e-15 3.621977721212470291e-17
9.101769447326660156e+00 2.537909454315280917e-15 3.912868492345800045e-17
9.127926826477050781e+00 2.529381293499541846e-15 3.824861999549425555e-17
9.153972625732421875e+00 2.496378113306618651e-15 3.906472328472758263e-17
9.179908752441406250e+00 2.457373962337330185e-15 3.664845124717495645e-17
9.205734252929687500e+00 2.441509385030154030e-15 3.677438013439498869e-17
9.231450080871582031e+00 2.404739005328089898e-15 3.537856725666972194e-17
9.257057189941406250e+00 2.392844313410388536e-15 3.649447106984623732e-17
9.282556533813476562e+00 2.324429597010254106e-15 3.352082607180677343e-17
9.307950973510742188e+00 2.337726254073093671e-15 3.838617930828070592e-17
9.333236694335937500e+00 2.318170341556310446e-15 3.614950955044284556e-17
9.358418464660644531e+00 2.339837392174775772e-15 3.827709367568026997e-17
9.383495330810546875e+00 2.294382214455970376e-15 3.352857724822682982e-17
9.408468246459960938e+00 2.274316857480881187e-15 3.586195608164628307e-17
9.433338165283203125e+00 2.238705722785751478e-15 3.654659653400567846e-17
9.458105087280273438e+00 2.186795122389488522e-15 3.728222352193712511e-17
9.482770919799804688e+00 2.146663589155671724e-15 3.296252591626499072e-17
9.507335662841796875e+00 2.111174593271882162e-15 3.199618507931838519e-17
9.531800270080566406e+00 2.117312803990863071e-15 3.303585156418128854e-17
9.556165695190429688e+00 2.105801061279576789e-15 3.167585445950573689e-17
9.580432891845703125e+00 2.103689609550193625e-15 3.322902127990882631e-17
9.604602813720703125e+00 2.083435847469112296e-15 3.226076872008705046e-17
9.628675460815429688e+00 2.072661918298326140e-15 3.479005555835691648e-17
9.652651786804199219e+00 2.064978829599402326e-15 3.312386921622275079e-17
9.676532745361328125e+00 2.037073861626945037e-15 3.180039516883932334e-17
9.700319290161132812e+00 2.027327973295535181e-15 3.191917327406351778e-17
9.724010467529296875e+00 2.022035523591845058e-15 3.035670673842964826e-17
9.747610092163085938e+00 2.028074967234356347e-15 3.112773012645126807e-17
9.771117210388183594e+00 2.032151425713975757e-15 2.995827959017558552e-17
9.794532775878906250e+00 1.981124770619506731e-15 2.890406037631508894e-17
9.817856788635253906e+00 1.977479955753594431e-15 3.152993972071062758e-17
9.841091156005859375e+00 1.938818717433479355e-15 3.219086188835922788e-17
9.864236831665039062e+00 1.933381740649592200e-15 2.862919236351410880e-17
9.887292861938476562e+00 1.913536157192315681e-15 3.086087728479066522e-17
9.910262107849121094e+00 1.867069225936891765e-15 3.040480747996742156e-17
9.933144569396972656e+00 1.844355870703137965e-15 2.762682144269188328e-17
9.955940246582031250e+00 1.859785608265770744e-15 2.571479890316982009e-17
9.978651046752929688e+00 1.882701912978726606e-15 3.062923085190620761e-17
1.000127601623535156e+01 1.913731172023947908e-15 2.988881457343452303e-17
1.002381706237792969e+01 1.900286931093550266e-15 3.252694998654622002e-17
1.004627609252929688e+01 1.881825704960736062e-15 2.761603504333299070e-17
1.006865310668945312e+01 1.896297671503726750e-15 3.187363996497638632e-17
1.009094810485839844e+01 1.830212807553510113e-15 2.918445167709392261e-17
1.011316108703613281e+01 1.840713264903037251e-15 3.122989302206087970e-17
1.013529586791992188e+01 1.855539556237128604e-15 3.128034961991778568e-17
1.015735054016113281e+01 1.820147096767656575e-15 3.024408884592314689e-17
1.017932701110839844e+01 1.799175705214627521e-15 2.656089393185669895e-17
1.020122528076171875e+01 1.805989833465824906e-15 2.994524581797338352e-17
1.022304630279541016e+01 1.814837571829535447e-15 3.144768742713200777e-17
1.024479103088378906e+01 1.785971121215171105e-15 3.084415546577268165e-17
1.026646137237548828e+01 1.777768312979004232e-15 2.842587740389365839e-17
1.028805541992187500e+01 1.758739080158949187e-15 3.201103299637187253e-17
1.030957794189453125e+01 1.719602172781423150e-15 3.018928893412363176e-17
1.033102607727050781e+01 1.670967917290176798e-15 2.467963553420075294e-17
1.035240173339843750e+01 1.624791799491559614e-15 2.565056810600175270e-17
1.037370491027832031e+01 1.582616395980202792e-15 2.606121747947402834e-17
1.039493846893310547e+01 1.552800092832873951e-15 2.553338281574870799e-17
1.041610145568847656e+01 1.532658979802321640e-15 2.709302422403739037e-17
1.043719577789306641e+01 1.521830514032078344e-15 2.497519559142784886e-17
1.045822143554687500e+01 1.543534766580795792e-15 2.801083946281578132e-17
1.047917938232421875e+01 1.530189408643362207e-15 2.494944093348701475e-17
1.050006866455078125e+01 1.568096702577468096e-15 2.922063815707017794e-17
1.052089405059814453e+01 1.548585542757040070e-15 2.807851057174121010e-17
1.054165267944335938e+01 1.572549677672647083e-15 2.867206997140728906e-17
1.056234741210937500e+01 1.545526430902916527e-15 2.673264693126359337e-17
1.058297824859619141e+01 1.541124678560245849e-15 3.011982319937540643e-17
1.060354518890380859e+01 1.517754967380618084e-15 3.099780785663774002e-17
1.062405014038085938e+01 1.507010726796804138e-15 3.355192846634380735e-17
1.064449310302734375e+01 1.508869572991706942e-15 2.753846845829434705e-17
1.066487598419189453e+01 1.570875122700717265e-15 3.485017326785244999e-17
1.068519783020019531e+01 1.531164067583931717e-15 3.182822028340313443e-17
1.070546150207519531e+01 1.503828293037357391e-15 3.097588702832382620e-17
1.072566604614257812e+01 1.477035465024681746e-15 2.741473058707100692e-17
1.074581336975097656e+01 1.460293885131338636e-15 3.524297166772632418e-17
1.076590347290039062e+01 1.413895605841098448e-15 2.512746355390374374e-17
1.078593635559082031e+01 1.441319948975150495e-15 3.206982876191068071e-17
1.080591487884521484e+01 1.461664961860331688e-15 3.891974832441015323e-17
1.082583808898925781e+01 1.458005534934510163e-15 3.728011892431461483e-17
1.084570884704589844e+01 1.422240446636697181e-15 3.349448173224096074e-17
1.086552429199218750e+01 1.423456403002299014e-15 3.447257349086613323e-17
1.088528823852539062e+01 1.375968268253014936e-15 3.042720568888832853e-17
1.090500068664550781e+01 1.392645602885100459e-15 3.018187160238743291e-17
1.092466259002685547e+01 1.395335275464762108e-15 3.054234396155182671e-17
1.094427299499511719e+01 1.378512171162160332e-15 3.089054620686424906e-17
1.096383380889892578e+01 1.363255042567003571e-15 2.906149219846244297e-17
1.098334407806396484e+01 1.333760002802799922e-15 3.281898044417793928e-17
1.100280380249023438e+01 1.317509974167882094e-15 3.184390958112649062e-17
1.102221488952636719e+01 1.320844753117895533e-15 3.330657579179997244e-17
1.104157447814941406e+01 1.300725476918124326e-15 2.800099186385661155e-17
1.106088638305664062e+01 1.340103576180510594e-15 3.722179200791738192e-17
1.108014678955078125e+01 1.335692512250900562e-15 3.032917899814340028e-17
1.109935951232910156e+01 1.331769749325020820e-15 3.458978358667679630e-17
1.111852264404296875e+01 1.346334565705141754e-15 4.619322563329180026e-17
1.113763809204101562e+01 1.344823153691543093e-15 3.222167657578053776e-17
1.115670394897460938e+01 1.323707876664747126e-15 3.139334500561911665e-17
1.117572212219238281e+01 1.352550108999079911e-15 4.255595750780091206e-17
1.119469070434570312e+01 1.286155766606686369e-15 2.318651734093151611e-17
1.121361255645751953e+01 1.316593316981372032e-15 3.499530965850035948e-17
1.123248577117919922e+01 1.306067920504735414e-15 3.032604486975188608e-17
1.125131225585937500e+01 1.296675434875461576e-15 2.613033809658252118e-17
1.127009010314941406e+01 1.326204145806294709e-15 3.367701692090448826e-17
1.128882122039794922e+01 1.271458593202409454e-15 3.046794784173711890e-17
1.130750465393066406e+01 1.259991755456775973e-15 2.464806208357736687e-17
1.132614231109619141e+01 1.293070977201498729e-15 3.076665351659257223e-17
1.134473228454589844e+01 1.298979342546004177e-15 3.361837269317317863e-17
1.136327648162841797e+01 1.310639267612005299e-15 3.395955483661825481e-17
1.138177394866943359e+01 1.320507798439099698e-15 2.925284017920192129e-17
1.140022468566894531e+01 1.329310750102850267e-15 3.519798416256129584e-17
1.141863059997558594e+01 1.310059059509919180e-15 3.227791817411234417e-17
1.143698978424072266e+01 1.308847391249147670e-15 2.998215675929252237e-17
1.145530414581298828e+01 1.303160627382260088e-15 3.050828240380132435e-17
1.147357273101806641e+01 1.300682772353647527e-15 3.066171045065818579e-17
1.149179553985595703e+01 1.307283645615926570e-15 3.366344925316320912e-17
1.150997352600097656e+01 1.307282326294591339e-15 3.973743921230631756e-17
1.152810668945312500e+01 1.269881391228096867e-15 3.566091194403780198e-17
1.154619598388671875e+01 1.263626443380867364e-15 3.723196543812896536e-17
1.156423950195312500e+01 1.263134705934620527e-15 3.937392514843089216e-17
1.158224010467529297e+01 1.274848351595281755e-15 3.954721225471319195e-17
1.160019588470458984e+01 1.228972436246590824e-15 2.869195484944652790e-17
1.161810779571533203e+01 1.228021776004358437e-15 3.086602310216575950e-17
1.163597583770751953e+01 1.206959457770170160e-15 3.224169424932760867e-17
1.165380001068115234e+01 1.241778560852117391e-15 3.511440213215855533e-17
1.167158126831054688e+01 1.254867438176050132e-15 3.622798929970049998e-17
1.168931961059570312e+01 1.228137015266040796e-15 3.522252733966599628e-17
1.170701408386230469e+01 1.157447258880951309e-15 2.767920208065692803e-17
1.172466659545898438e+01 1.095168856288483015e-15 2.769734003132656043e-17
1.174227619171142578e+01 1.081147898995632560e-15 2.094833307214010542e-17
1.175984382629394531e+01 1.109345276930192193e-15 2.468637691740628971e-17
1.177736854553222656e+01 1.127757574532711588e-15 2.805351044342631758e-17
1.179485130310058594e+01 1.123570784659015159e-15 2.481236056946346499e-17
1.181229209899902344e+01 1.184002342688823998e-15 2.847133322403072362e-17
1.182969093322753906e+01 1.199134812767816447e-15 3.227155843082489467e-17
1.184704875946044922e+01 1.188860006123309485e-15 3.202317973136078475e-17
1.186436557769775391e+01 1.198101631155558939e-15 3.431701905171759309e-17
1.188164043426513672e+01 1.149758265286287569e-15 3.835778639423024994e-17
1.189887523651123047e+01 1.130052524623140074e-15 2.919960690353288492e-17
1.191606903076171875e+01 1.115575584833966751e-15 2.563652330770116515e-17
1.193322181701660156e+01 1.123461740876785369e-15 2.082790163503635769e-17
1.195033454895019531e+01 1.157063333389478637e-15 3.612541885245420995e-17
1.196740722656250000e+01 1.146715700352953536e-15 2.837025243934514138e-17
1.198443984985351562e+01 1.135981966313372562e-15 3.329203911071063373e-17
