1.014291554736624912e+00 5.238461963477634106e-14 8.136083750530024973e-16
1.029010221216290821e+00 5.373742190957926448e-14 8.208673752669930738e-16
1.044059968524623461e+00 5.482868280636653865e-14 8.258539892718519703e-16
1.059438009312017481e+00 5.236211498492014269e-14 8.109064167531207447e-16
1.075139818331184882e+00 5.121868983744991331e-14 7.922199521263767315e-16
1.091159490885375671e+00 5.156709738801797927e-14 7.574257964211257533e-16
1.107491878363806581e+00 5.451341863758428315e-14 7.191762137214235872e-16
1.124131011494532206e+00 5.572206155471431264e-14 6.627976326567237597e-16
1.141067273007559724e+00 5.963498823811241862e-14 6.373946451093830008e-16
1.158291519091758426e+00 6.528818609020781307e-14 6.449457185160048634e-16
1.175793112586922984e+00 7.001744929442863787e-14 6.187053492494735919e-16
1.211580483646982120e+00 7.298791075781368526e-14 6.939012725719579811e-16
1.229839889245801565e+00 7.858908899747480201e-14 7.200108261295995995e-16
1.248324820601552698e+00 7.817008112627796427e-14 7.374559609715604934e-16
1.267020623152526060e+00 7.687714261013533520e-14 7.010322587056511882e-16
1.285911858426926679e+00 6.168419622280213555e-14 7.059851530343037199e-16
1.304984090541518871e+00 4.475366653089796942e-14 6.920803222191865584e-16
1.324229393357519768e+00 4.196053717871442156e-14 6.518992499864762020e-16
1.343625431856677377e+00 4.253950495054730873e-14 5.061501819068762101e-16
1.363154930416717869e+00 4.055196088284682407e-14 4.315415307138282798e-16
1.382802516155180683e+00 4.039021075288743947e-14 4.167256809350551798e-16
1.402553015418653182e+00 4.428019321513768384e-14 4.149928877813099064e-16
1.422391532572007566e+00 4.900934384505516803e-14 4.032002352076450338e-16
1.442303558565732668e+00 5.174361103249582702e-14 4.139170276844180502e-16
1.462275334089869760e+00 5.723960214879871777e-14 4.377332252773474473e-16
1.482293420420567776e+00 6.468135637931089588e-14 4.628269316203248643e-16
1.502345163057342337e+00 7.263546983022166060e-14 4.889758863655795226e-16
1.522418437136473957e+00 7.804562076673914932e-14 5.490928454986635265e-16
1.542500839365782861e+00 8.161140945839769165e-14 5.827176471479123073e-16
1.562578449068370734e+00 8.618332543890811491e-14 6.309448945586504273e-16
1.582644562796799326e+00 8.776523084153240482e-14 7.307904754591967236e-16
1.602690594103926003e+00 8.884524700795833051e-14 6.621505132840662361e-16
1.622707835595722070e+00 9.090695089697498112e-14 6.934427465034639490e-16
1.642688250008127682e+00 9.136105482830304276e-14 7.005318018844576898e-16
1.662624367165780104e+00 8.536343576176530832e-14 7.180567923655673164e-16
1.682509402781132035e+00 7.904203933214563277e-14 7.249547782701163908e-16
1.702337057487804062e+00 7.325175726594621206e-14 6.736179563909790694e-16
1.722101651807723233e+00 6.481871570273903496e-14 6.315161529959244656e-16
1.741798043983592281e+00 5.813024145859508747e-14 6.056682370222743757e-16
1.761421683188670428e+00 5.311867050154581525e-14 5.260947641929606485e-16
1.780971203173396633e+00 5.127058464104726740e-14 4.995319314883022587e-16
1.800445193889858020e+00 4.840351368527150860e-14 4.944094383986714121e-16
1.819835767978626562e+00 4.622679596148024229e-14 4.578191743011288591e-16
1.858352838718954514e+00 4.976302912082321552e-14 4.137079140969552772e-16
1.877474363474342045e+00 4.757986148957763968e-14 4.670793291797418502e-16
1.896501715448929870e+00 4.524114815757391811e-14 4.406015683560159087e-16
1.915433580372411626e+00 4.566257720018579988e-14 4.351411523287046192e-16
1.934268037286078989e+00 4.841990353858861298e-14 4.163572606347219467e-16
1.953004419028085081e+00 4.930662437368435958e-14 3.926277082023347961e-16
1.971641216297720600e+00 5.315942672170378798e-14 4.651985032031485246e-16
1.990178296275619374e+00 5.829495781776658069e-14 4.224406471617396970e-16
2.026957567753233214e+00 6.272361210341522463e-14 4.360117354667805763e-16
2.045200907957668512e+00 6.548275897863423021e-14 4.492758984694169912e-16
2.063342469008279778e+00 6.791395998977184846e-14 4.497583332126785763e-16
2.081382421996718968e+00 6.907138166345394536e-14 4.749372459039867584e-16
2.099321099888646014e+00 6.923631629783508876e-14 4.645569252911654647e-16
2.117158550367777003e+00 6.942276088822032572e-14 4.702122959610963416e-16
2.170067026636942842e+00 6.673194125647992987e-14 4.720567896942761763e-16
2.187503494517959890e+00 6.562831360644674271e-14 4.578448887058638911e-16
2.204841014393109866e+00 6.483735252939070895e-14 4.573185313173745118e-16
2.222080702631068494e+00 6.201122041795547155e-14 4.316101218239544913e-16
2.239221414822655909e+00 6.030506180758924252e-14 4.365742977887309084e-16
2.256256384996115028e+00 5.597803426291691949e-14 4.122284763082104636e-16
2.273189376689807695e+00 5.182659865034329681e-14 3.999234000960787493e-16
2.290026504471490476e+00 5.003835994860054897e-14 3.877274853306616000e-16
2.306769414346601543e+00 4.908276864465468094e-14 3.736958074100362352e-16
2.323419065925700799e+00 4.772730883113372160e-14 3.653571118533422794e-16
2.339976322631561523e+00 4.709451136192281995e-14 3.646816681941243677e-16
2.356441904835812728e+00 4.662756688036130012e-14 3.619338731428666533e-16
2.372816882864115406e+00 4.671926979991443148e-14 3.513228810922977133e-16
2.389101940456511475e+00 4.459589884309188092e-14 3.531831335702808505e-16
2.405298417872936412e+00 4.178425494850453942e-14 3.483540242146558816e-16
2.421406706814896559e+00 3.924752306116323323e-14 3.370778813551456268e-16
2.437428036827222311e+00 3.665585199699291338e-14 3.325489838445433875e-16
2.453363213417193212e+00 3.503258240267026157e-14 3.354827975874389890e-16
2.469213449961615403e+00 3.257935027835497446e-14 3.228060849490697874e-16
2.484983272117953224e+00 3.132241123363837388e-14 3.115160744028551699e-16
2.500677759119185772e+00 2.968317786640581410e-14 3.023630932516959245e-16
2.516290928396571758e+00 2.821914748537249054e-14 2.921574711113609107e-16
2.531822246017807476e+00 2.680839058337816514e-14 2.823444868166671374e-16
2.547272920243809580e+00 2.729877673019959327e-14 2.911725007591428876e-16
2.562643645046402963e+00 2.672553932283427796e-14 2.742888505468328831e-16
2.577935374099904919e+00 2.896511922702633373e-14 2.788987546701751190e-16
2.593149161561952631e+00 3.060640267431057031e-14 2.790586335113433880e-16
2.608285669888677383e+00 3.088068858891465434e-14 2.711889520914868184e-16
2.623345995805544284e+00 3.033222623422623092e-14 2.847449864244772551e-16
2.638330833284376453e+00 2.588232516685494285e-14 2.871260575669308674e-16
2.653241135999491185e+00 2.460700506899471665e-14 2.870780352364968820e-16
2.668077688174253836e+00 2.382416746828419796e-14 2.712259909126523148e-16
2.682841374515352761e+00 2.435028854502542279e-14 2.543239382481611946e-16
2.697533191264929187e+00 2.565908437310655360e-14 2.620416481861905729e-16
2.712153067814653706e+00 2.638097502414745030e-14 2.679328470210248366e-16
2.726690805785582317e+00 2.591133374680573007e-14 2.630347466423563794e-16
2.741154227768160645e+00 2.524926354845603646e-14 2.686626154780490516e-16
2.769875366644319659e+00 2.517024289399976502e-14 2.584159764145104841e-16
2.784135207200849393e+00 2.551637454955510068e-14 2.753885855418480281e-16
2.798328783560410482e+00 2.578459229769244138e-14 2.755301196186022104e-16
2.812456816094631940e+00 2.584243313713542908e-14 2.753061043883222751e-16
2.826520205678223263e+00 2.637855554440743061e-14 2.679747036305231061e-16
2.840519518579532665e+00 2.698136621553872253e-14 2.706881129891480065e-16
2.854455603694014965e+00 2.711699866917842158e-14 2.698215700780331619e-16
2.868329080089625283e+00 2.774468866652715371e-14 2.712006348258662848e-16
2.882140605106603637e+00 2.809843271036519016e-14 2.833912386040970002e-16
2.895891057515397993e+00 2.815012424717095546e-14 2.771655620049343996e-16
2.909580983941144172e+00 2.880556822063867946e-14 2.758637869814736592e-16
2.923211035787842249e+00 2.900974733574042779e-14 2.864400760210533982e-16
2.936781975994945171e+00 2.961921428319963281e-14 2.881007716134326038e-16
2.950294853604200629e+00 3.017274984137920288e-14 2.849688229767943735e-16
2.963757267314797605e+00 3.074521788910660187e-14 2.890789711518657956e-16
2.977163307000812775e+00 3.109356567027540090e-14 2.956352276125567242e-16
2.990512708664214703e+00 3.160110167691366965e-14 2.934342730865805384e-16
3.003805944846621223e+00 3.174434168209588975e-14 2.917516310276299813e-16
3.017043523900884150e+00 3.174023334896386239e-14 2.965518320852554642e-16
3.030226260745712885e+00 3.295822549397964070e-14 3.001059456412121760e-16
3.043354638974856918e+00 3.362629105538640673e-14 3.018054726578983437e-16
3.056429012837889481e+00 3.350683319270950175e-14 2.907120097102785338e-16
3.069450420324426609e+00 3.280799512578949665e-14 3.062038488998882786e-16
3.082419016358097341e+00 3.252637899387239669e-14 3.034817706071567845e-16
3.095335662720977155e+00 3.223989066613174723e-14 2.955379246576584718e-16
3.108200515157045096e+00 3.239271996156107125e-14 2.935895989742871845e-16
3.121014403932682590e+00 3.191952775589772867e-14 2.931492995145544922e-16
3.133777885904807547e+00 3.141225930008460601e-14 2.963363596671445428e-16
3.146491194376108247e+00 3.089102548432713537e-14 2.824226402519010166e-16
3.159155160433316123e+00 3.054328791726711736e-14 2.768646213338222718e-16
3.171770156134726903e+00 3.018634455048759071e-14 2.810763906272731844e-16
3.184336651560907505e+00 3.037293611004043146e-14 2.754746367542727969e-16
3.196855909413082841e+00 3.166859695922983121e-14 2.709381560347769601e-16
3.209327699863753658e+00 3.191020462398946926e-14 2.687088582486512751e-16
3.221752543958604775e+00 3.300247215312934458e-14 2.659300886776525290e-16
3.234130795126858082e+00 3.395666706004838415e-14 2.716090356247453615e-16
3.246462746227400942e+00 3.380562914485893313e-14 2.805840176037837063e-16
3.258749291378350676e+00 3.446559912343071264e-14 2.807711085202866846e-16
3.270990309632824111e+00 3.354974634578451308e-14 2.782505022198410721e-16
3.283186860264349693e+00 3.019837576752835424e-14 2.858321866027746554e-16
3.295338858137276894e+00 2.494147880156505051e-14 2.854147072859915794e-16
3.307446913728480986e+00 2.462119461840217761e-14 2.750272565286996325e-16
3.319511555034024841e+00 2.685867307128560908e-14 2.580166889990447234e-16
3.331533038281212278e+00 2.831021613981089136e-14 2.332000898463639216e-16
3.343511997885668219e+00 3.034351486975840643e-14 2.410002450826847779e-16
3.355448375931897154e+00 3.142262162844116342e-14 2.549570137866127116e-16
3.367343057946936113e+00 3.262489963308685113e-14 2.706715643531212708e-16
3.379196227909059047e+00 3.207649091359959414e-14 2.673077370242844934e-16
3.391008157393237354e+00 3.073027756951992855e-14 2.705899318786575905e-16
3.402779550603078462e+00 3.212987645236830522e-14 2.757603996224455947e-16
3.414510273898864856e+00 3.229397987325967921e-14 2.768247515005729025e-16
3.426197335078981610e+00 3.217389994538080609e-14 2.722128054046318318e-16
3.437841232264500668e+00 3.285712664704370562e-14 2.792972868181566730e-16
3.449445430198653018e+00 3.331664062984409351e-14 2.862501387139168531e-16
3.461010719041047512e+00 3.307564592521824320e-14 2.776812022913333121e-16
3.472537601208293356e+00 3.271759563978281297e-14 2.809701295887492425e-16
3.484026394318379349e+00 3.349665094728679291e-14 2.764680365994411161e-16
3.495477289926520736e+00 3.392054210783826314e-14 2.774475048544731171e-16
3.506890717186158302e+00 3.413146549847893738e-14 2.877028049747836754e-16
3.518267109546275861e+00 3.318875613674157694e-14 2.790642644230707815e-16
3.529606525742718937e+00 3.357407187030033171e-14 2.811006398169203775e-16
3.540909464716910371e+00 3.457310521940838342e-14 2.841978247350155185e-16
3.552176328402139038e+00 3.482690105369423185e-14 2.875794641487149326e-16
3.574602681455998798e+00 3.608771675078544356e-14 2.898204493506527073e-16
3.585762680818183501e+00 3.631039288422375437e-14 2.924398249352887115e-16
3.596887892351731786e+00 3.645129165146042571e-14 2.974854744785404635e-16
3.607978495739375457e+00 3.683876255957155960e-14 2.987435296925981659e-16
3.619034581232655423e+00 3.731403155615406399e-14 3.034252542829328313e-16
3.630056509837737089e+00 3.702930934661945404e-14 3.051581456611537923e-16
3.641044673256126796e+00 3.719328247778607086e-14 3.055976781753106888e-16
3.651999681144351140e+00 3.759015361675416691e-14 3.106207140060906040e-16
3.662925665817661436e+00 3.770459099686621516e-14 3.186398650440525187e-16
3.673820798306485891e+00 3.745003730679097884e-14 3.106370858665487527e-16
3.684683341533492751e+00 3.809515627852721348e-14 3.220340105722508399e-16
3.695513354234528869e+00 3.895852386564778608e-14 3.164259934207675482e-16
3.706311201711299130e+00 3.857478133984976360e-14 3.160590936395954826e-16
3.717077027014950463e+00 3.858761870881721105e-14 3.111679541991784440e-16
3.727811221846991430e+00 3.868598384393355792e-14 3.193526415735527008e-16
3.738513919026787313e+00 3.857767097116035069e-14 3.247588888374134585e-16
3.749185266721377197e+00 3.888821086806585262e-14 3.273811885441134073e-16
3.759825657452617431e+00 3.862394535120533061e-14 3.287301533660095210e-16
3.770435308355176485e+00 3.826788161921556009e-14 3.377054391928131673e-16
3.781014468079413771e+00 3.817827297323472226e-14 3.382738969000412661e-16
3.791563444011536888e+00 3.791585264791982873e-14 3.255108568804522433e-16
3.802082374086801941e+00 3.727008575090921634e-14 3.195127358891545506e-16
3.812571528239482976e+00 3.755038749083255081e-14 3.268515358916186129e-16
3.823031075920530153e+00 3.825074061122930906e-14 3.308636014407561403e-16
3.833461245316741817e+00 3.830859593662526573e-14 3.303346854370070309e-16
3.843862348930215056e+00 3.800578163141365547e-14 3.302778602828819760e-16
3.854234460844469190e+00 3.781145117991683444e-14 3.312002535321536860e-16
3.864577931013537970e+00 3.726822425092790670e-14 3.286244715965213885e-16
3.874892981687978910e+00 3.702863230078635975e-14 3.270615063911086861e-16
3.885179915138106566e+00 3.724078061144269165e-14 3.476717125291672194e-16
3.895441084034019674e+00 3.695076949644420631e-14 3.309651418881724181e-16
3.905676895424897932e+00 3.708783112679322402e-14 3.345872855887594591e-16
3.915885246111354689e+00 3.753022880497383296e-14 3.354302117563594326e-16
3.926066157377301469e+00 3.752478783913165042e-14 3.363690324783388731e-16
3.936219814841711351e+00 3.668676434096647273e-14 3.312609739319559496e-16
3.946346361555733040e+00 3.635106694784644424e-14 3.349909623649227758e-16
3.956446083621659504e+00 3.539929789355259835e-14 3.350589756983275325e-16
3.966519102806727481e+00 3.546091560125095074e-14 3.402268811165412299e-16
3.976565514478367813e+00 3.583637857230495908e-14 3.458308037870720687e-16
3.986585747790022172e+00 3.527011510576786596e-14 3.423635714942010673e-16
3.996579797625800179e+00 3.445276631822070353e-14 3.397829112027009746e-16
4.006548008003495198e+00 3.481780487414646373e-14 3.310975448495746229e-16
4.016490384859347174e+00 3.435116068956382709e-14 3.313572229011373791e-16
4.026407118107867333e+00 3.465567931900095740e-14 3.333627664298989921e-16
4.036298578987004504e+00 3.400477288781258103e-14 3.313899827056980942e-16
4.046164852632406550e+00 3.406700705354772314e-14 3.308918130687649239e-16
4.056005906708030295e+00 3.348773945511418467e-14 3.224992147689443741e-16
4.065822250387078896e+00 3.296925996723212337e-14 3.270230419274032228e-16
4.075613808765680801e+00 3.227716909341714272e-14 3.262740916486181479e-16
4.085380942850002306e+00 3.207303194393992723e-14 3.247662445551719215e-16
4.095123715671429743e+00 3.165451026347930736e-14 3.262989632949990186e-16
4.104842212365614529e+00 3.124117933403363067e-14 3.165460882449404341e-16
4.114536538531768706e+00 3.102330936409650472e-14 3.173500920890221078e-16
4.124207171007051365e+00 3.100374895472661073e-14 3.112598053519340609e-16
4.133850814499179016e+00 3.017352835676621435e-14 3.047247292199961152e-16
4.143470266999713658e+00 2.997797376874492150e-14 3.070422646487779659e-16
4.153066301679890771e+00 2.956617123515816932e-14 3.041122341135071717e-16
4.162639214873784965e+00 2.844215805510392161e-14 3.016553365662817562e-16
4.172188858414360269e+00 2.772456579097626660e-14 2.914914230467473841e-16
4.181715804506204393e+00 2.723559438079687620e-14 2.923805592427398054e-16
4.191219809614848302e+00 2.589136080618453241e-14 2.908797863838365579e-16
4.200701212642192317e+00 2.493322105676140877e-14 2.844087579241699640e-16
4.210160257122709027e+00 2.437492238805912769e-14 2.885230768137655012e-16
4.219596837457182836e+00 2.366852772734052907e-14 2.757929814634572278e-16
4.229011525850204123e+00 2.288932953034620267e-14 2.650758227251064616e-16
4.238403940832047745e+00 2.284830289565075227e-14 2.651612564419441802e-16
4.247774325937180961e+00 2.255331724111505008e-14 2.580135698599276625e-16
4.257123115434939820e+00 2.215358808187078036e-14 2.579453283127299960e-16
4.266450161158283017e+00 2.225414280187760122e-14 2.525530289397370012e-16
4.275755802009114426e+00 2.216782433193341976e-14 2.577977147775781389e-16
4.285039974956045938e+00 2.175574171245568147e-14 2.616221272863379712e-16
4.294303124500190805e+00 2.143861193667733556e-14 2.592375738628291886e-16
4.303545092242730519e+00 2.199100364501679122e-14 2.528104210206697858e-16
4.312766079150309295e+00 2.126115584535710954e-14 2.672091033187430265e-16
4.321966085222926246e+00 2.033996995074661175e-14 2.180313859754579030e-16
4.331145544729916530e+00 1.998124457317163618e-14 2.487366866676150056e-16
4.340304500239103191e+00 1.991413375561368501e-14 2.535812322217923217e-16
4.349442898950881542e+00 1.926306882373369549e-14 2.478415546664299357e-16
4.358560708529205741e+00 1.902252542551619855e-14 2.481570783914668175e-16
4.367654538314362789e+00 1.861948920472390194e-14 2.467939903102237756e-16
4.376727038130876046e+00 1.788795534255633742e-14 2.467687299163491367e-16
4.385779701521610008e+00 1.740711875250582117e-14 2.509388707771884731e-16
4.394812475686954656e+00 1.700100477546701501e-14 2.434012528086393070e-16
4.403825413426519120e+00 1.640261640863967143e-14 2.455929379150511551e-16
4.412818695243383438e+00 1.576476869217403619e-14 2.393503733644594832e-16
4.421792585135581710e+00 1.551270267543376160e-14 2.370993102749530047e-16
4.439682604592446680e+00 1.461847200254510106e-14 2.592409995017198701e-16
4.448598882324152903e+00 1.424933328166951303e-14 2.291854776549495465e-16
4.457496129137355823e+00 1.409425817754574635e-14 2.295792735670481261e-16
4.466374312696011373e+00 1.328157964215174515e-14 2.262899715716469213e-16
4.475233846805890536e+00 1.342166926080002049e-14 2.431567804891562577e-16
4.484074731466994201e+00 1.319604287021844587e-14 2.199016948739453021e-16
4.492897019478927945e+00 1.242519112893860348e-14 2.153557876858077375e-16
4.501700615474259592e+00 1.190908730838804646e-14 2.192920835137489327e-16
4.510485953722322527e+00 1.176280705920921079e-14 2.164615045189707847e-16
4.519253023991335994e+00 1.173141307063524335e-14 2.099878044712339921e-16
4.528002017016162561e+00 1.186078917545398802e-14 2.143410469266568129e-16
4.536732847661153478e+00 1.155215823860183700e-14 2.073528989686189234e-16
4.545445653861563073e+00 1.123746072808550957e-14 2.119280649921876666e-16
4.554140721719687868e+00 1.113419406208613442e-14 2.132766897452875284e-16
4.562817988204139752e+00 1.145570357971051142e-14 2.058882219270235312e-16
4.571477484010262771e+00 1.170452897545126737e-14 2.098336946317464915e-16
4.580119474776788380e+00 1.183269579360504142e-14 2.086410710159667899e-16
4.588744161470363458e+00 1.187238777012114225e-14 2.170943171393093305e-16
4.597352085600230787e+00 1.154630970795791415e-14 2.109736088209478282e-16
4.605944475070523403e+00 1.188451783168705131e-14 2.144137484916418489e-16
4.614519856801938325e+00 1.215740120885353709e-14 2.127712819736986478e-16
4.623078348266172810e+00 1.217077828259748748e-14 2.132849343177828690e-16
4.631619578225280698e+00 1.270105762138838511e-14 2.141011594914800768e-16
4.640144023516419303e+00 1.324230413778400046e-14 2.212309400059166550e-16
4.648651493404726054e+00 1.384368331487457383e-14 2.195676038975186890e-16
4.657142316560320516e+00 1.358928514659907200e-14 2.203970478988537988e-16
4.665616503214984334e+00 1.353340318114685978e-14 2.269522543225125562e-16
4.674074095936543216e+00 1.344151369885334127e-14 2.278159250906675962e-16
4.682515041925388921e+00 1.341012287043374545e-14 2.245666256709318056e-16
4.690939775450857496e+00 1.304125571088593814e-14 2.260784318069103129e-16
4.699348158577689283e+00 1.270795114401928096e-14 2.442062733102806569e-16
4.707740181074104413e+00 1.240399711165951814e-14 2.239310299618808448e-16
4.716116086474571922e+00 1.222196207027144145e-14 2.239582079219286369e-16
4.732819927457392772e+00 1.219637922322453653e-14 2.167963959520512549e-16
4.741147905607570934e+00 1.196583352748530626e-14 2.196067847287231296e-16
4.749460062995876086e+00 1.171356344155610105e-14 2.167055753034853985e-16
4.757756803196302009e+00 1.150231390010420362e-14 2.183894650939389198e-16
4.766037436532561067e+00 1.147220364653809483e-14 2.113466084649261960e-16
4.774302662912718986e+00 1.159133805851672208e-14 2.568677341514851713e-16
4.782552439768950947e+00 1.205802529690562534e-14 2.103738482866543648e-16
4.790786671733826552e+00 1.200945534768325846e-14 2.114109183915749094e-16
4.799005644909638768e+00 1.195721288665655857e-14 2.176104364226071495e-16
4.807209306496782020e+00 1.212408355256559944e-14 2.148835689854635924e-16
4.815397814894077477e+00 1.229100600863509003e-14 2.183826851223738923e-16
4.823571245005390473e+00 1.191930244775890828e-14 2.161027076853585056e-16
4.831729511695074031e+00 1.190372574060058489e-14 2.190332764941431151e-16
4.839872572395299777e+00 1.194631092932299532e-14 2.266088834549882595e-16
4.848000702976584364e+00 1.192685610672218730e-14 2.293559317651688056e-16
4.856114051605964654e+00 1.181834057178556394e-14 2.174680307806022675e-16
4.864212575715614051e+00 1.173861927698059382e-14 2.214423194353896261e-16
4.872296498376443630e+00 1.181486546803804165e-14 2.197738850146727736e-16
4.880365691884973600e+00 1.179900434372772616e-14 2.251280472217766260e-16
4.896460972822932689e+00 1.212444957060939989e-14 2.195180314937198831e-16
4.904486763918285419e+00 1.200726793286974536e-14 2.243745904741200939e-16
4.912498355498104985e+00 1.170006764123124666e-14 2.422731401475332763e-16
4.920495779898435451e+00 1.197688584997266164e-14 2.216608728318515738e-16
4.928478951983626288e+00 1.196579877294432938e-14 2.226439208712732426e-16
4.936447861521896741e+00 1.198726068777017947e-14 2.274634920368811255e-16
4.944402847415146240e+00 1.200828184971325144e-14 2.214603300988059803e-16
4.952344005030808738e+00 1.235424965977928066e-14 2.233126286869360867e-16
4.960270952899156427e+00 1.257657412353458596e-14 2.318761977860422731e-16
4.968184305792605393e+00 1.262303716578490460e-14 2.283579531924834028e-16
4.976083692473208586e+00 1.274052854178573402e-14 2.287211085146420124e-16
4.983969441611088236e+00 1.266948128058086658e-14 2.266530064205175563e-16
4.991841405039204815e+00 1.259594629845405723e-14 2.258396417058071867e-16
4.999699879091634713e+00 1.233660068567855449e-14 2.359848211736123408e-16
5.007544853536596285e+00 1.237896711918693506e-14 2.422817499316620102e-16
5.015376285806265599e+00 1.283432167537877744e-14 2.263386414560581538e-16
5.023194271268073940e+00 1.282542839062656710e-14 2.332754567005990705e-16
5.030998958089059059e+00 1.302279890629661549e-14 2.302999849127044233e-16
5.038790431404870596e+00 1.311855952526070118e-14 2.318089831928819242e-16
5.046568595848078154e+00 1.310420922451577443e-14 2.362258942697379452e-16
5.054333557017892886e+00 1.345682717996130037e-14 2.375496990901500081e-16
5.054333557017892886e+00 1.345682717996130037e-14 2.375496990901500081e-16
5.059052343368527715e+00 1.399846228437914622e-14 2.585478198704930292e-16
5.062085590784831446e+00 1.397136093675041108e-14 2.581265264522472220e-16
5.069824845315929807e+00 1.342962684748563074e-14 2.520172935210037817e-16
5.077551373410794433e+00 1.416206240084327414e-14 2.621592194496335353e-16
5.085265260205075855e+00 1.407499456527944405e-14 2.634012638458833508e-16
5.092966039093397512e+00 1.366814798719251564e-14 2.621533179775447135e-16
5.100654176681136853e+00 1.365474589416789888e-14 2.761700562205226333e-16
5.108329439665602933e+00 1.363753919594607898e-14 2.653255158808952690e-16
5.115992071581269229e+00 1.355356706585677907e-14 2.630021421306190787e-16
5.123642062196351432e+00 1.337718994299708133e-14 2.590323099379872683e-16
5.131279316143419145e+00 1.335507866730020590e-14 2.651632739242785095e-16
5.135889110565183380e+00 1.352562424750657387e-14 2.645347013120871228e-16
5.138904087188723047e+00 1.363687389861454918e-14 2.642267957035227128e-16
5.146516354868701626e+00 1.360800948281903873e-14 2.639326924352882999e-16
5.154116425749210251e+00 1.347942547232381130e-14 2.723303398543162915e-16
5.161703897896961379e+00 1.354821458488986089e-14 2.667045907356617891e-16
5.169278972278600115e+00 1.363455257042045989e-14 2.683814712954957442e-16
5.176841987796026778e+00 1.356681602696224157e-14 2.662614724575126348e-16
5.184392605547339272e+00 1.329432629899756910e-14 2.729773059635589770e-16
5.191931154202658050e+00 1.315929246654888702e-14 2.727369833983785844e-16
5.199457591194160955e+00 1.315484897955106611e-14 2.713076954781294680e-16
5.206971916521842658e+00 1.317017879860118078e-14 2.696047544581943702e-16
5.208728904724119424e+00 1.319004603295393832e-14 2.690384294165076582e-16
5.214474225553139775e+00 1.325920517724896398e-14 2.662042665666904663e-16
5.221964571087656104e+00 1.316046532014885717e-14 2.657597236567523061e-16
5.278519153594968927e+00 1.286516508742177779e-14 2.676122140306893020e-16
5.278519153594968927e+00 1.286516508742177779e-14 2.676122140306893020e-16
5.346093626022336842e+00 1.233201620364890556e-14 2.574737794918055306e-16
5.411812772750852929e+00 1.188882288555706365e-14 2.527600223117408447e-16
5.475801048278806427e+00 1.138814461582127328e-14 2.423162267361049153e-16
5.538150691986082563e+00 1.113131547921503806e-14 2.336774476716324660e-16
5.598953733444211878e+00 1.070408133290202515e-14 2.266790574866477300e-16
5.658303689956663440e+00 1.036495580960402523e-14 2.181177939493634278e-16
5.716293010711668288e+00 1.008542038945806876e-14 2.139692207012399022e-16
5.773013725280760511e+00 9.906680949733473984e-15 2.099330883481088238e-16
5.828558979034422549e+00 9.778119318734980822e-15 2.044514407716172550e-16
5.883021488189696058e+00 9.776094765758436704e-15 2.006500755072367513e-16
5.936493015289305397e+00 9.630700818982591036e-15 1.972960745229833422e-16
5.989067344665525816e+00 9.572842814642531478e-15 1.963411639304826621e-16
6.040826244354246199e+00 9.707935101067727797e-15 2.014121243389226200e-16
6.091812953948973153e+00 9.728440457545478113e-15 1.956088308887185188e-16
6.142050065994260954e+00 9.699284229657222712e-15 1.963165795822287088e-16
6.191556386947630664e+00 9.652500399818549063e-15 1.925322918146347870e-16
6.240352001190184517e+00 9.598936218697710972e-15 1.923181143572621238e-16
6.288456668853758202e+00 9.262943275306537937e-15 1.858628903025277618e-16
6.335889568328855859e+00 8.647131632146637506e-15 1.723018261944872673e-16
6.382670516967771768e+00 7.942456105875672679e-15 1.583004996377049918e-16
6.428819541931151349e+00 7.250214785326377646e-15 1.438870127786315907e-16
6.474355554580687233e+00 6.637143541207166787e-15 1.337614437078459993e-16
6.519298639297484321e+00 6.195875899599017231e-15 1.178483589898494424e-16
6.563667812347411257e+00 5.762448376365615932e-15 1.107938043997848407e-16
6.607483530044554243e+00 5.545966408165470364e-15 1.044491524028787546e-16
6.650764913558958824e+00 5.577918191854215246e-15 9.705771569724383045e-17
6.693531675338744158e+00 5.645892629935011512e-15 9.585544594145253841e-17
6.735803842544554776e+00 5.586683239273357050e-15 9.377080476111253939e-17
6.777599954605101118e+00 5.491769286985341846e-15 9.370504222920425681e-17
6.818940362930296928e+00 5.404441070281647521e-15 9.440634633002194607e-17
6.859844932556151242e+00 5.446666965230899949e-15 8.958819012246296198e-17
6.900332469940184232e+00 5.603460519948812046e-15 8.876605488294343847e-17
6.940423431396482989e+00 5.609972825918252442e-15 9.051855635655095265e-17
6.980137310028075248e+00 5.509178545032544834e-15 9.122841658902520829e-17
7.019493179321288245e+00 5.383798661854757812e-15 9.018338395909675367e-17
7.058510856628417152e+00 5.238199079083113248e-15 8.223945447275824991e-17
7.097208137512206250e+00 5.171069877236101034e-15 8.002462408890152021e-17
7.135593633651732048e+00 5.095789772764264025e-15 7.879006975348250203e-17
7.173672056198118874e+00 5.088607864180511627e-15 7.386238895249569602e-17
7.211447324752806587e+00 4.982163627855161175e-15 6.994325286032685151e-17
7.248923254013060813e+00 4.869722890671539981e-15 6.876596638542583986e-17
7.286103658676146289e+00 4.827609572346566599e-15 6.699963236295128978e-17
7.322992353439330415e+00 4.730123055819813319e-15 6.359235396781670763e-17
7.359594268798827166e+00 4.690181767652721990e-15 6.283674994709751590e-17
7.395912418365477414e+00 4.650046061493450775e-15 6.085382837118786541e-17
7.431950302124022301e+00 4.607141312168317434e-15 6.305073326126116456e-17
7.467713222503661541e+00 4.501463353750614493e-15 6.182144018503974869e-17
7.503203926086424502e+00 4.567050889942240953e-15 6.074188592819109134e-17
7.538426923751829989e+00 4.540758691062841261e-15 5.947721027282171791e-17
7.573385972976683256e+00 4.431174012709101236e-15 6.138311773301509424e-17
7.608085155487059659e+00 4.315831219253998242e-15 5.582015485549570459e-17
7.642528390884398171e+00 4.313534123985661103e-15 5.884702498841640637e-17
7.676719121932982226e+00 4.254280086286714338e-15 5.512224492550952149e-17
7.710662174224852450e+00 4.135792461426549683e-15 5.276019929994367586e-17
7.744360561370848828e+00 4.007410250522502144e-15 4.935132613150653939e-17
7.777818527221678657e+00 3.982692570576179634e-15 4.839357836656629182e-17
7.811040840148924858e+00 4.014522381462983538e-15 4.722145274015944302e-17
7.844030036926268323e+00 4.033344596817677660e-15 5.196484338601496926e-17
7.876791000366210049e+00 3.905183636319385070e-15 4.929253768961898999e-17
7.909327220916747336e+00 3.828311247220636203e-15 4.717614694257323398e-17
7.941643047332762606e+00 3.835616063585012023e-15 4.685738870881023843e-17
7.973741760253905575e+00 3.881573725629218139e-15 4.732978645005448927e-17
8.005627708435056888e+00 3.872961615487408982e-15 5.094808289376050726e-17
8.037304916381835085e+00 3.812550859746196467e-15 5.266827079717040663e-17
8.068777198791503125e+00 3.762398484195006136e-15 4.826361163500172567e-17
8.100049114227294567e+00 3.723393209657793083e-15 4.772214637685763182e-17
8.131123943328857351e+00 3.714716599092385121e-15 4.673212820394048100e-17
8.162004547119138920e+00 3.655655259996255268e-15 4.931420578438620396e-17
8.192696762084960227e+00 3.549357655397833777e-15 4.545878523502752348e-17
8.223203544616698224e+00 3.513146913393782232e-15 4.402523174363405585e-17
8.253529033660887748e+00 3.481251248171496240e-15 4.547692253862278484e-17
8.283677253723142897e+00 3.492601399683610510e-15 4.571385657262378786e-17
8.313652019500731072e+00 3.448148138040989539e-15 4.296244143098102719e-17
8.343457145690917898e+00 3.383253502358966720e-15 4.437343341795621614e-17
8.373096446990965447e+00 3.323981139660607011e-15 4.494627283863101871e-17
8.402574481964110831e+00 3.287945995115329929e-15 4.303077329784049908e-17
8.431894531249998437e+00 3.272675597927979293e-15 4.342992741749521189e-17
8.461060943603515128e+00 3.245935857014921937e-15 4.221445100542558256e-17
8.490077743530273224e+00 3.207506951707928910e-15 4.358936885926350886e-17
8.518948001861572195e+00 3.100060149796511458e-15 4.282614475258838495e-17
8.547676067352293572e+00 3.059384804299681976e-15 4.136006106716007196e-17
8.576266708374022940e+00 2.999671057813966932e-15 4.101676982491434473e-17
8.604723205566404687e+00 2.956488048201991150e-15 3.879845245254226789e-17
8.633049163818357741e+00 2.893597928624136159e-15 3.773591234111551322e-17
8.661248397827147727e+00 2.861102735447657844e-15 3.515896779964668434e-17
8.689323234558104403e+00 2.780219318819377918e-15 3.616374344459776627e-17
8.717274093627928266e+00 2.750590850676421244e-15 3.789552798807267438e-17
8.745101718902587251e+00 2.714592061364123346e-15 4.014747110960267350e-17
8.772807064056395987e+00 2.692015426998163319e-15 3.820185847225563516e-17
8.800389595031736789e+00 2.708847668663366560e-15 3.952266194898222370e-17
8.827851333618163210e+00 2.662527979309691356e-15 3.629924423725859345e-17
8.855193653106688600e+00 2.621670319418208970e-15 3.726232494921887363e-17
8.882416019439697052e+00 2.615928457073360525e-15 3.719781692525048686e-17
8.909520454406736789e+00 2.581789872078453750e-15 3.678373632828321803e-17
8.936506843566894176e+00 2.589414504431384308e-15 3.855527952971502218e-17
8.963374977111815411e+00 2.562531485102168904e-15 3.639285630989817935e-17
8.990127830505370454e+00 2.498050623420703939e-15 3.499685108490136122e-17
9.016764755249022656e+00 2.491850691407498571e-15 3.727419609702498911e-17
9.043286819458007386e+00 2.480573774644620238e-15 3.967424542290934734e-17
9.069695186614989524e+00 2.434387904690019163e-15 3.830574464037427758e-17
9.095990066528319318e+00 2.421204696926862498e-15 3.605677646977665616e-17
9.122172203063964702e+00 2.392062588430139967e-15 3.895384932451127530e-17
9.148242549896240305e+00 2.376392552181234206e-15 3.807892935257730915e-17
9.174202804565428693e+00 2.374233027920851548e-15 3.889262876741323860e-17
9.200052642822264204e+00 2.334731105133947964e-15 3.648814038651357834e-17
9.225792598724364524e+00 2.312461089434361795e-15 3.661464722060176842e-17
9.251423625946044282e+00 2.263453950986402925e-15 3.522596963839483813e-17
9.276946678161619886e+00 2.247513706541872257e-15 3.633815277445035634e-17
9.302364196777343608e+00 2.215028070850106464e-15 3.337822526382320703e-17
9.327673835754394460e+00 2.200950368815044473e-15 3.822401992495109417e-17
9.352878475189207563e+00 2.185383121783160374e-15 3.599783535180907545e-17
9.377978420257568004e+00 2.197329624903124153e-15 3.811758862523739556e-17
9.402974205017089915e+00 2.152691451075041118e-15 3.338980786403017180e-17
9.427866783142089702e+00 2.131125156758213250e-15 3.571453062672514906e-17
9.452656364440917613e+00 2.128219988821276246e-15 3.639737012195554418e-17
9.477344436645507741e+00 2.100325196505177403e-15 3.713100865993443988e-17
9.501931419372558807e+00 2.064110588543833195e-15 3.282972308877110297e-17
9.526418056488036967e+00 2.053211291857504596e-15 3.186813017258421389e-17
9.550805301666258629e+00 2.041552206747282936e-15 3.290450709433559904e-17
9.575094108581541974e+00 2.007800684437655653e-15 3.155074215652070935e-17
9.599285430908201633e+00 2.011294968730639463e-15 3.309862901981289813e-17
9.623379478454589631e+00 1.988413364733774123e-15 3.213500028598997527e-17
9.647376995086668572e+00 1.980204591418822419e-15 3.465530457000804280e-17
9.671278934478758416e+00 1.973581752514175923e-15 3.299639713624263645e-17
9.695086250305175568e+00 1.967706888815094975e-15 3.167879867690639641e-17
9.718798408508300568e+00 1.952320998188204973e-15 3.179790778366703632e-17
9.742418174743653125e+00 1.939143756019834552e-15 3.024210080532753564e-17
9.765945644378662749e+00 1.939299803031627774e-15 3.101095529355342655e-17
9.789381351470947124e+00 1.935699266997418701e-15 2.984659698173986017e-17
9.812725505828858275e+00 1.899401000239645172e-15 2.879698384409312396e-17
9.835979595184326740e+00 1.912978216088409635e-15 3.141385884035804187e-17
9.859144783020019176e+00 1.892556699130679161e-15 3.207307688210265430e-17
9.882220535278319673e+00 1.882982687993660468e-15 2.852508814175813727e-17
9.905208873748780007e+00 1.859749787152649491e-15 3.074933924101813437e-17
9.928110427856445597e+00 1.840633883411142022e-15 3.029558489643021797e-17
9.950925197601318217e+00 1.806004981168930590e-15 2.752818069018526375e-17
9.973654670715331960e+00 1.811056743295444031e-15 2.562353480043231874e-17
9.996298522949219389e+00 1.824457291824256782e-15 3.052118055784519348e-17
1.001885803222656257e+01 1.812914967228063476e-15 2.978400332423988770e-17
1.004133510589599609e+01 1.797493051465394515e-15 3.241355640344766407e-17
1.006373016357421868e+01 1.790559382345606277e-15 2.752032614814952886e-17
1.008604320526123033e+01 1.812503482177662295e-15 3.176382328327281740e-17
1.010827423095703104e+01 1.772668571522612116e-15 2.908448997845290671e-17
1.013042621612548899e+01 1.790615093461953545e-15 3.112353448235677627e-17
1.015249851226806577e+01 1.769153267714397176e-15 3.117443503347934866e-17
1.017449218750000028e+01 1.777310539087722973e-15 3.014226621423992458e-17
1.019640766143798771e+01 1.750290387857859273e-15 2.647198078423210010e-17
1.021824567794799776e+01 1.769047946808485513e-15 2.984557009865687701e-17
1.024000719070434506e+01 1.772707613229991571e-15 3.134359785711242666e-17
1.026169389724731396e+01 1.735118207946946706e-15 3.074262734372097519e-17
1.028330472946166907e+01 1.719489180228609140e-15 2.833283433930070132e-17
1.030484298706054602e+01 1.714492282581876230e-15 3.190681993096735209e-17
1.032630748748779226e+01 1.679376402959785550e-15 3.009154945259399573e-17
1.034769908905029290e+01 1.629725949689814466e-15 2.460016813895376827e-17
1.036901821136474666e+01 1.626601896285006786e-15 2.556842328225420982e-17
1.039026708602905202e+01 1.598564009322161558e-15 2.597820008458850656e-17
1.041144559860229535e+01 1.599879351894701894e-15 2.545248170919149815e-17
1.043255502700805692e+01 1.586023814094552737e-15 2.700763277785464473e-17
1.045359579086303725e+01 1.590080239356506390e-15 2.489689291996831160e-17
1.047456863403320249e+01 1.592713095787402139e-15 2.792347711745660459e-17
1.049547302246093672e+01 1.595799676544794240e-15 2.487203581537690041e-17
1.051631246566772404e+01 1.602765429427694670e-15 2.913043778428055298e-17
1.053708578109741190e+01 1.591701148485095774e-15 2.799228362509126040e-17
1.055779457092285156e+01 1.602839013067808086e-15 2.858446310744087263e-17
1.057843946456909201e+01 1.554305126873215791e-15 2.665137672911603996e-17
1.059902046203613324e+01 1.560941389449232131e-15 3.002871610741632003e-17
1.061953905105590756e+01 1.568683370757220352e-15 3.090450788840959743e-17
1.063999565124511726e+01 1.566481255761410653e-15 3.345143937414321044e-17
1.066039175033569286e+01 1.552439198323736825e-15 2.745638931385349624e-17
1.068072702407836871e+01 1.584754118555390985e-15 3.474680922265142153e-17
1.070100349426269482e+01 1.553857502484899650e-15 3.173426748041738660e-17
1.072122104644775398e+01 1.548754870097487512e-15 3.088488860997421582e-17
1.074138095855712827e+01 1.512653190741647239e-15 2.733457237625002285e-17
1.076148365020751996e+01 1.536306617211341524e-15 3.514040864249678742e-17
1.078152912139892550e+01 1.470465690347183992e-15 2.505468196834401872e-17
1.080151960372924869e+01 1.501452003596495365e-15 3.197736184541963094e-17
1.082145498275756879e+01 1.506127888257688541e-15 3.880804751120371939e-17
1.084133728027343757e+01 1.487954667807102562e-15 3.717360094622647848e-17
1.086116489410400376e+01 1.460070309670741312e-15 3.339922050781445018e-17
1.088094017028808658e+01 1.443430254191029868e-15 3.437496270843225971e-17
1.090066394805908168e+01 1.453472014768427082e-15 3.034142927603551849e-17
1.092033697128295877e+01 1.433665332806346575e-15 3.009715759635568521e-17
1.093995870590210018e+01 1.396200162971119820e-15 3.045699580937758570e-17
1.095953042984008796e+01 1.420559496489060595e-15 3.080459682628447484e-17
1.097905181884765646e+01 1.392416084977846191e-15 2.898098404915850692e-17
1.099852266311645543e+01 1.398588086734281377e-15 3.272845884112156747e-17
1.101794445037841719e+01 1.386561893706676594e-15 3.175645113503923403e-17
1.103731536865234375e+01 1.389440036599971776e-15 3.321550270227733105e-17
1.105663776397705078e+01 1.390219850358423848e-15 2.792474813824556739e-17
1.107590950012207109e+01 1.410744811881982153e-15 3.712088686706457724e-17
1.109513271331787188e+01 1.412718969160045359e-15 3.024730457124885632e-17
1.111430675506591825e+01 1.386495729799123007e-15 3.449680896567097348e-17
1.113343269348144560e+01 1.392902255660113482e-15 4.606958324742059077e-17
1.115250946044921854e+01 1.381332855161217909e-15 3.213580156405432809e-17
1.117153812408447244e+01 1.367155957087518488e-15 3.131002878098032883e-17
1.119051761627197195e+01 1.414672203111517645e-15 4.244350155117547378e-17
1.120944974899292035e+01 1.357259239424447901e-15 2.312549997353527195e-17
1.122833366394042898e+01 1.369706241803655332e-15 3.490360735982288832e-17
1.124717042922973675e+01 1.363396286527913434e-15 3.024690729734539964e-17
1.126595897674560476e+01 1.348057319470978584e-15 2.606243886447004676e-17
1.128470037460327191e+01 1.361819485482951102e-15 3.358987028387351911e-17
1.130339429855346722e+01 1.327939750350244464e-15 3.038943592773299212e-17
1.132204202651977454e+01 1.318951618958179179e-15 2.458480705888817075e-17
1.134064249038696204e+01 1.353233615771555902e-15 3.068802714492251768e-17
1.135919675827026332e+01 1.377235422919442774e-15 3.353280987101239095e-17
1.137770450592041094e+01 1.334371765903596094e-15 3.387348147836374232e-17
1.139616552352905288e+01 1.366117718794257677e-15 2.917900330602608832e-17
1.141458129882812500e+01 1.350483300550836922e-15 3.510949978533445198e-17
1.143295076370239194e+01 1.361975407506967352e-15 3.219711040957859806e-17
1.145127498626708906e+01 1.326470395008868142e-15 2.990739931628613222e-17
1.146955364227294893e+01 1.362632423894403724e-15 3.043252398667569815e-17
1.148778652191162131e+01 1.342441771484339863e-15 3.058588217489057309e-17
1.150597436904907234e+01 1.352400202377228206e-15 3.358053333698743366e-17
1.152411739349365227e+01 1.363525955616832262e-15 3.963995735729346306e-17
1.154221633911132727e+01 1.325814923568967311e-15 3.557377869053567898e-17
1.156026992797851527e+01 1.311721252685287368e-15 3.714136519550214587e-17
1.157827997207641602e+01 1.292321290751711304e-15 3.927848899976651583e-17
1.159624561309814439e+01 1.315193816177926396e-15 3.945174267674400793e-17
1.161416717529296960e+01 1.270523250354922318e-15 2.862296625598818080e-17
1.163204486846923835e+01 1.264096464363929832e-15 3.079210242860968503e-17
1.164987869262695241e+01 1.293042430423145147e-15 3.216478630209161890e-17
1.166766939163207972e+01 1.288631239937576619e-15 3.503097063511245432e-17
1.168541717529296875e+01 1.302843211961564664e-15 3.614224989710703136e-17
1.170312129974365156e+01 1.233393143277207395e-15 3.513949928073838819e-17
1.172078304290771555e+01 1.194127129897223320e-15 2.761420813916906724e-17
1.173840208053588796e+01 1.189806557550902363e-15 2.763255884261372178e-17
1.175597894668579180e+01 1.179181402754261217e-15 2.089952682911863273e-17
1.177351310729980405e+01 1.209054027211115447e-15 2.462908745250958445e-17
1.179100509643554773e+01 1.189722755045877813e-15 2.798865899020487397e-17
1.180845512390136776e+01 1.196990220590695211e-15 2.475522380234026565e-17
1.182586318969726591e+01 1.231621019590833722e-15 2.840602461444996703e-17
1.184323003768920834e+01 1.244537682189619845e-15 3.219781532987945328e-17
1.186055587768554709e+01 1.210041293208294738e-15 3.195028355609287269e-17
1.187783996582031243e+01 1.228874559739098214e-15 3.423920379940762621e-17
1.189508358001708999e+01 1.237194865755282454e-15 3.827113581611273028e-17
1.191228639602661055e+01 1.164285643302214967e-15 2.913389657120302099e-17
1.192944820404052741e+01 1.139431078280541047e-15 2.557905155498543348e-17
1.194656974792480497e+01 1.174246630255806603e-15 2.078138550738276083e-17
1.196365123748779347e+01 1.178393242650377214e-15 3.604504151570227573e-17
1.198069267272949290e+01 1.209357990933846795e-15 2.830736751401145519e-17
1.199769405364990149e+01 1.164984143103227038e-15 3.321852236106329198e-17
